$6	
NodeId:99	1.21118059863,1.21643474117,83,1
NodeId:98	1.15251183956,1.16246569601,28,5,49,13,94,92,15,66
NodeId:97	1.10329507602,1.10815127925,62,89,37,50
NodeId:96	0.830146021094,0.837147477474,13,24,12,31,60,74
NodeId:95	1.42916743327,1.44285886408,88,76
NodeId:94	1.0853401757,1.09538046826,20,17,4,90
NodeId:93	0.985033672695,0.98950937342,43,15,75,66
NodeId:92	1.65989405191,1.6721057078,22,34,57,39
NodeId:91	0.764902181654,0.767418312615,81,24,95,66,12
NodeId:90	0.938632632564,0.94152864185,1,93,52,26,96
NodeId:89	0.567312821857,0.570825003535,57,16,35,40,32,58,38
NodeId:88	1.31050277607,1.31282132057,55,21,82,44,50,26
NodeId:87	0.489361900413,0.495422109491,27,8,19,30,54,20,63,47
NodeId:86	1.37076561002,1.37580386522,71,11,95,60
NodeId:85	0.712761447531,0.716383082149,69,90,54,99,64,57,32
NodeId:84	1.08990551136,1.09239665296,21,9
NodeId:83	1.30591473427,1.31730329691,29,70,4,1,18,10,27
NodeId:82	0.695776389453,0.699132142536,32,2,24,52,23,53
NodeId:81	0.600433773907,0.607515586386,93,78,96,21,26,5
NodeId:80	1.21386147357,1.2241533512,79,31
NodeId:79	0.986576208297,0.991297015375,74,90,0,26,43
NodeId:78	1.68417331011,1.69314526607,82,13,34,19
NodeId:77	0.645554687865,0.649585058957,83,32,40,69,5,79,86,87,41,0,85,37,44
NodeId:76	0.922516801322,0.929146257878,9
NodeId:75	0.444728309875,0.449545781924,34,85,54,91,29,65,37,51
NodeId:74	0.437116385256,0.438981150072,84,54,35
NodeId:73	0.549418172662,0.554222029225,50,41,84,92,51
NodeId:72	1.99387456264,2.00608608776,10,92,49,51,95,93
NodeId:71	1.55271640298,1.56831792743,45,15,97,16,84
NodeId:70	1.24069448428,1.25150295473,20,99,63
NodeId:69	0.904261221985,0.915874900227,42,46,55,22,88,12,72
NodeId:68	0.912980414916,0.921005473157,28,1,40,81,85,6,19
NodeId:67	0.712686465393,0.713401008498,32,2,30,31,26,45
NodeId:66	1.03791267358,1.04574769974,8,98,72,19,83,81
NodeId:65	1.02058662244,1.02605736021,27,88
NodeId:64	1.03998734363,1.04925203152,31,39,27,33,78,3,28
NodeId:63	1.77951106394,1.8043889431,64,3,65,72
NodeId:62	1.03909168247,1.04755786198,33,22,11,91
NodeId:61	0.720347573643,0.72686888211,6,20,18,99,9
NodeId:60	0.560954214001,0.567842432365,56,53,49,65,14
NodeId:59	0.514508842506,0.519094227688,24,92,69,10
NodeId:58	0.886247470789,0.88847237093,73,78,16,71,38
NodeId:57	0.837944107498,0.840036490332,94,96,86,98
NodeId:56	0.556234170017,0.55255148879,36,98,80,29,96
NodeId:55	0.700463655491,0.703091304958,25,62,58,10,19,22,51
NodeId:54	0.697586671783,0.699010052445,69,77,12
NodeId:53	0.616901895844,0.61893379091,13,2,65,78,95
NodeId:52	0.855811444922,0.86386834778,31,27,91,64
NodeId:51	0.952217879041,0.960286488628,61,71,45,38
NodeId:50	0.850543096845,0.855286663764,46,0,68,20
NodeId:49	1.18012848872,1.18204081254,84,2,29,39,31
NodeId:47	0.523181478463,0.525128336115,73,5,70,14,52
NodeId:46	0.841687466291,0.847580880491,78
NodeId:45	1.48613146452,1.48709459641,83,58,18,86,90,53
NodeId:44	0.643918190931,0.644728905582,37,38,17
NodeId:43	0.937204557218,0.949581335565,56,68,67,90,24,21,80,86,4
NodeId:42	0.588746969017,0.58968439315,45,99,36,70,89
NodeId:41	0.97156032883,0.981115158592,66,44,45,49
NodeId:40	0.744668288056,0.74873436454,7,73,71,72
NodeId:39	1.16038779875,1.17254504726,68,71,92,43,31
NodeId:38	1.19275476214,1.20030785921,30,41,98
NodeId:37	1.35392460456,1.36216586841,40,59,97,71
NodeId:36	0.788850603851,0.794894757865,61,75,77,99,30,20,12,34
NodeId:35	0.502994241323,0.504488758225,83,91,18,12,62,64,65,66
NodeId:34	0.9973376393,1.00256127835,78,7,0,77
NodeId:33	1.02383575877,1.03538011681,86,2,56,58
NodeId:32	1.00040401451,1.01042769119,47,2,3,6,27,91,71,69
NodeId:31	2.19898602169,2.21944909683,49,54,46,62,29,85,70,36
NodeId:30	0.892872922118,0.895583957907,95,80,84
NodeId:29	0.888419654576,0.89340416062,31,23,18,86,36
NodeId:28	0.901604720556,0.907735574742,25,72,21
NodeId:27	1.37244846509,1.37513721948,32,68,70,92
NodeId:26	0.851693233084,0.858312303504,64,15,23,28
NodeId:25	0.835904747193,0.842007557677,63
NodeId:24	1.04586031864,1.05737685361,10,93,55,18,94,38,9
NodeId:23	0.583313791993,0.589820866006,92,99
NodeId:22	1.07538488608,1.08256378931,65,25,97,83,72
NodeId:21	1.40950853948,1.0
NodeId:20	1.17977314651,1.18805807178,94,7
NodeId:19	0.907791310598,0.91434170019,33,37,27,92,45
NodeId:18	1.03872732825,1.04395499155,62,87,61,52
NodeId:17	0.56544153942,0.570853907363,72,39,18,41,53,63,79,99
NodeId:16	0.636968815436,0.63809695422,45,52,67,80
NodeId:15	1.24523569484,1.254029042,79,95,97,47,70
NodeId:14	0.335805030642,0.335149000455,44,62,98,36,39
NodeId:13	0.932168581807,0.937069318165,33,35,76,25,32
NodeId:12	1.02270053892,1.02835347621,67,85,98,50,28,24,55
NodeId:11	0.66496436703,0.671870937963,51,49,89,67,40,28,6
NodeId:10	0.918232443505,0.924369594408,67,4,6,78,80,38
NodeId:9	1.71599505854,1.72184076827,33,39,80,69,51,43,41
NodeId:8	0.35078618993,0.353169861033,13,87,41,59
NodeId:7	1.02707500462,1.03716356244,38,93,21,57,12
NodeId:6	0.70529871842,0.70996528948,80,58,22,15
NodeId:5	0.491321374651,0.4940245148,24,50,81,2,98,9,61
NodeId:4	0.763361647887,0.766631543344,46,86,24,42
NodeId:3	0.768199767854,0.774702989716,86,42,45,30
NodeId:2	1.04363945374,1.04922425714,63,31
NodeId:1	1.2604192071,1.27080957696,72,37
NodeId:0	0.755786049552,0.76037617232,1,15,66,96
