$1	
NodeId:99	1.53226190476,1.0,1,83
NodeId:98	1.37035714286,1.0,28,13,94,92,15,66,5,49
NodeId:97	0.8725,1.0,89,62,50,37
NodeId:96	1.05666666667,1.0,12,31,24,60,74,13
NodeId:95	1.2975,1.0,88,76
NodeId:94	1.01517857143,1.0,17,90,20,4
NodeId:93	0.894761904762,1.0,43,75,66,15
NodeId:92	1.75791666667,1.0,22,34,57,39
NodeId:91	0.89375,1.0,24,66,81,95,12
NodeId:90	0.89003968254,1.0,1,93,26,96,52
NodeId:89	0.823928571428,0.999999999999,38,58,35,16,57,32,40
NodeId:88	1.12142857143,1.0,55,82,21,26,50,44
NodeId:87	0.640384615385,1.0,47,27,8,19,20,30,54,63
NodeId:86	1.4714957265,1.0,60,71,11,95
NodeId:85	0.670741758242,0.999999999999,54,57,90,32,64,99,69
NodeId:84	1.22666666667,1.0,9,21
NodeId:83	1.19996794872,0.999999999999,70,4,10,1,18,27,29
NodeId:82	0.504166666667,1.0,52,23,32,2,53,24
NodeId:81	0.704523809524,1.0,21,5,96,93,26,78
NodeId:80	1.38587301587,1.0,31,79
NodeId:79	1.08663461538,1.0,74,43,0,90,26
NodeId:78	1.95726190476,1.0,34,19,82,13
NodeId:77	0.752083333333,1.0,5,40,79,87,0,41,86,37,69,44,32,85,83
NodeId:76	0.745,1.0,9
NodeId:75	0.46875,1.0,51,85,91,54,29,65,37,34
NodeId:74	0.461666666667,0.999999999999,84,35,54
NodeId:73	0.7025,1.0,92,84,51,50,41
NodeId:72	1.82267857143,1.0,51,10,49,93,95,92
NodeId:71	1.44625,1.0,16,15,97,84,45
NodeId:70	1.10017857143,0.999999999999,20,99,63
NodeId:69	1.06032509157,0.999999999999,72,55,12,22,42,88,46
NodeId:68	0.839444444444,0.999999999999,19,81,85,40,1,28,6
NodeId:67	0.841468253968,1.0,45,32,2,26,30,31
NodeId:66	1.17,1.0,83,98,8,19,72,81
NodeId:65	1.085,1.0,88,27
NodeId:64	1.01517857143,0.999999999999,31,3,27,28,33,39,78
NodeId:63	1.92083333333,1.0,64,3,72,65
NodeId:62	1.07892857143,1.0,33,22,91,11
NodeId:61	0.972678571428,1.0,20,99,6,9,18
NodeId:60	0.504166666667,1.0,56,14,65,49,53
NodeId:59	0.575,1.0,69,10,24,92
NodeId:58	0.959523809524,1.0,73,16,78,38,71
NodeId:57	0.775357142857,1.0,86,94,96,98
NodeId:56	0.626944444444,1.0,29,98,96,80,36
NodeId:55	0.655952380952,0.999999999999,10,19,22,25,51,58,62
NodeId:54	0.873511904761,0.999999999999,12,69,77
NodeId:53	0.709583333334,1.0,2,13,65,78,95
NodeId:52	1.05666666667,1.0,27,64,91,31
NodeId:51	0.932202380952,1.0,71,61,45,38
NodeId:50	0.917023809524,1.0,0,20,68,46
NodeId:49	1.0080952381,1.0,31,2,29,39,84
NodeId:47	0.5325,1.0,14,52,73,70,5
NodeId:46	0.802678571428,1.0,78
NodeId:45	1.65166666667,1.0,83,86,90,18,53,58
NodeId:44	0.739551282052,0.999999999999,17,38,37
NodeId:43	0.823928571428,0.999999999999,90,4,21,24,56,67,68,80,86
NodeId:42	0.696428571428,1.0,45,99,89,70,36
NodeId:41	1.10889652015,1.0,44,66,49,45
NodeId:40	0.79217032967,1.0,73,7,71,72
NodeId:39	1.22160714286,1.0,43,92,71,68,31
NodeId:38	1.37035714286,0.999999999999,41,30,98
NodeId:37	1.41246794872,1.0,97,40,59,71
NodeId:36	0.93625,1.0,30,99,77,75,61,34,12,20
NodeId:35	0.724761904762,1.0,62,64,65,66,83,91,12,18
NodeId:34	0.7875,1.0,7,0,78,77
NodeId:33	0.945357142857,1.0,58,86,2,56
NodeId:32	1.12407509158,1.0,6,27,91,71,69,47,2,3
NodeId:31	2.12726190476,1.0,46,49,54,62,70,85,29,36
NodeId:30	1.0,0.999999999999,80,84,95
NodeId:29	0.823928571428,1.0,31,36,86,18,23
NodeId:28	0.954464285714,0.999999999999,21,25,72
NodeId:27	1.41285714286,1.0,70,92,32,68
NodeId:26	0.915000000001,1.0,28,64,15,23
NodeId:25	0.894761904761,1.0,63
NodeId:24	1.36563492064,0.999999999999,38,55,93,94,10,9,18
NodeId:23	0.674166666667,1.0,99,92
NodeId:22	1.03035714286,1.0,72,83,97,25,65
NodeId:21	1.40611111111,1.0
NodeId:20	1.24083333333,1.0,7,94
NodeId:19	0.853273809524,1.0,92,27,33,37,45
NodeId:18	1.25702380952,1.0,87,52,61,62
NodeId:17	0.645833333333,1.0,63,99,79,72,18,39,41,53
NodeId:16	0.611428571428,1.0,80,45,52,67
NodeId:15	1.27625,1.0,79,95,97,47,70
NodeId:14	0.49,1.0,44,62,98,36,39
NodeId:13	0.992916666667,1.0,33,35,76,25,32
NodeId:12	1.24892857143,0.999999999999,50,28,24,55,67,85,98
NodeId:11	0.575,0.999999999999,89,6,28,40,49,51,67
NodeId:10	0.868452380952,1.0,80,38,67,4,6,78
NodeId:9	1.83785714286,0.999999999999,39,80,69,51,43,41,33
NodeId:8	0.397916666667,1.0,59,41,13,87
NodeId:7	1.0,1.0,93,57,38,21,12
NodeId:6	0.810773809524,1.0,15,80,58,22
NodeId:5	0.633301282052,0.999999999999,9,24,50,61,81,98,2
NodeId:4	0.72003968254,1.0,86,24,42,46
NodeId:3	0.590178571428,1.0,42,30,86,45
NodeId:2	1.21351190476,1.0,31,63
NodeId:1	1.20035714286,1.0,72,37
NodeId:0	0.810384615385,1.0,96,66,15,1
