0.0	0.744312123752
1.0	1.2386136745
2.0	1.0265078666
3.0	0.751541653694
4.0	0.748921915648
5.0	0.48455679378
6.0	0.693099490761
7.0	1.00848276366
8.0	0.34652627056
9.0	1.68445973108
10.0	0.901185844367
11.0	0.654748489699
12.0	1.0059095758
13.0	0.917153918956
14.0	0.332122552307
15.0	1.22228537227
16.0	0.626787891626
17.0	0.557471781916
18.0	1.02118873716
19.0	0.892109515665
20.0	1.15730029069
21.0	1.38463599751
22.0	1.05511108958
23.0	0.575213234106
24.0	1.02851303538
25.0	0.821992610711
26.0	0.83882491329
27.0	1.34563657051
28.0	0.885558824551
29.0	0.873669127515
30.0	0.877364047342
31.0	2.1577731107
32.0	0.985478705399
33.0	1.00596656072
34.0	0.979091761139
35.0	0.49710520764
36.0	0.777408338899
37.0	1.33001773536
38.0	1.17192574514
39.0	1.13984017604
40.0	0.732511772643
41.0	0.955841571252
42.0	0.578350520269
43.0	0.920993495868
44.0	0.634592295971
45.0	1.4575722479
46.0	0.826705066964
47.0	0.515040691818
49.0	1.15635950236
50.0	0.837291846973
51.0	0.935645870127
52.0	0.843790302758
53.0	0.60828056608
54.0	0.686267209347
55.0	0.688769550125
56.0	0.54607457555
57.0	0.822585189403
58.0	0.87142087938
59.0	0.507390475445
60.0	0.553147869641
61.0	0.708999084
62.0	1.02203482371
63.0	1.74591657896
64.0	1.01929154612
65.0	1.00001637499
66.0	1.02062855981
67.0	0.701242162653
68.0	0.897096012717
69.0	0.890549102853
70.0	1.21834178076
71.0	1.52418390981
72.0	1.95127640943
73.0	0.542594755972
74.0	0.431600568391
75.0	0.438829590644
76.0	0.905351289255
77.0	0.636631576872
78.0	1.6525480351
79.0	0.96897055493
80.0	1.19450957875
81.0	0.591638848941
82.0	0.684899246786
83.0	1.28381355034
84.0	1.07181946625
85.0	0.700420023217
86.0	1.34499807313
87.0	0.483234567436
88.0	1.28385218119
89.0	0.559171248594
90.0	0.922260261183
91.0	0.752539846344
92.0	1.62766552374
93.0	0.966164116825
94.0	1.06514075439
95.0	1.40421074373
96.0	0.818514835463
97.0	1.08216825996
98.0	1.13471685864
99.0	1.18868570762
-2.0	0.746749550384,1,15,66,96
-101.0	1.19268000474,83,1
-100.0	1.13846530134,28,92,15,66,5,49,13,94
-99.0	1.08615829011,50,37,89,62
-98.0	0.82100301282,24,74,31,12,13,60
-97.0	1.4092776137,88,76
-96.0	1.06890965457,17,4,20,90
-95.0	0.969300429688,15,43,75,66
-94.0	1.63345075711,39,22,57,34
-93.0	0.7547361079,81,24,12,95,66
-92.0	0.925359700815,1,93,52,26,96
-91.0	0.560756103573,16,38,32,58,57,40,35
-90.0	1.28838813638,82,26,44,50,21,55
-89.0	0.484459228538,63,8,30,20,47,27,19,54
-88.0	1.34983110349,11,60,95,71
-87.0	0.702720457635,69,32,64,90,99,57,54
-86.0	1.07531610765,9,21
-85.0	1.2881782994,27,70,29,18,4,10,1
-84.0	0.68721104448,2,23,52,24,53,32
-83.0	0.593300933644,96,26,21,78,5,93
-82.0	1.19840807712,79,31
-81.0	0.97230475436,43,0,74,90,26
-80.0	1.6582475018,34,19,13,82
-79.0	0.638455346779,0,44,86,85,40,37,5,79,41,69,87,32,83
-78.0	0.908563763952,9
-77.0	0.440024769734,65,29,54,85,51,37,91,34
-76.0	0.432723852816,54,84,35
-75.0	0.54399193277,51,41,92,84,50
-74.0	1.95850166482,51,92,93,95,49,10
-73.0	1.52986719889,45,16,15,84,97
-72.0	1.22269989707,20,99,63
-71.0	0.893082715224,46,72,12,55,88,42,22
-70.0	0.900180179696,81,28,40,85,19,1,6
-69.0	0.703407089346,2,45,32,31,30,26
-68.0	1.02389984137,98,72,83,19,81,8
-67.0	1.0034433814,27,88
-66.0	1.02270787488,33,3,28,78,27,39,31
-65.0	1.75200773177,64,3,65,72
-64.0	1.02545590686,22,91,33,11
-63.0	0.71120409547,6,20,18,99,9
-62.0	0.554845998135,56,53,65,14,49
-61.0	0.508794746212,24,92,69,10
-60.0	0.874227383755,73,78,38,16,71
-59.0	0.825233486528,94,96,86,98
-58.0	0.54768426695,36,98,80,29,96
-57.0	0.690925181257,25,22,62,10,19,58,51
-56.0	0.68822393754,77,12,69
-55.0	0.610141734745,13,2,65,78,95
-54.0	0.846487727784,31,27,91,64
-53.0	0.938655605628,61,71,45,38
-52.0	0.839969943476,46,0,68,20
-51.0	1.16048922407,84,2,31,29,39
-49.0	0.516463133085,70,73,5,14,52
-48.0	0.829543454882,78
-47.0	1.46267807925,86,18,90,53,58,83
-46.0	0.636453459951,37,38,17
-45.0	0.92416322295,56,68,67,90,24,21,80,86,4
-44.0	0.580025566845,99,70,36,45,89
-43.0	0.958850469132,66,44,45,49
-42.0	0.734952320512,72,73,7,71
-41.0	1.143655661,68,71,92,43,31
-40.0	1.17579970379,41,98,30
-39.0	1.33463032445,40,71,59,97
-38.0	0.779795287864,61,75,77,99,30,20,12,34
-37.0	0.498307178734,83,91,18,12,62,64,65,66
-36.0	0.982501389332,78,7,0,77
-35.0	1.00926434682,2,58,56,86
-34.0	0.988744041952,47,2,3,6,27,91,71,69
-33.0	2.16569742697,54,70,36,85,62,46,49,29
-32.0	0.880147602849,80,95,84
-31.0	0.876603260005,31,23,18,86,36
-30.0	0.888413652987,72,25,21
-29.0	1.35011225972,32,68,70,92
-28.0	0.841580150292,64,15,23,28
-27.0	0.824614389201,63
-26.0	1.03182346989,55,10,18,9,93,38,94
-25.0	0.57687603851,99,92
-24.0	1.05864145809,72,65,25,97,83
-22.0	1.16123258899,94,7
-21.0	0.895053158195,92,45,27,37,33
-20.0	1.02450766422,62,87,61,52
-19.0	0.558956428569,53,79,63,99,72,18,39,41
-18.0	0.628788914732,45,52,67,80
-17.0	1.22654614311,70,79,95,97,47
-16.0	0.332763301987,98,36,39,44,62
-15.0	0.92004884372,33,35,76,25,32
-14.0	1.00890002936,55,67,85,98,50,28,24
-13.0	0.656832775388,89,49,28,67,40,51,6
-12.0	0.904057985238,80,38,67,4,6,78
-11.0	1.69073786781,80,69,51,43,41,33,39
-10.0	0.34720720706,13,87,41,59
-9.0	1.01208676268,38,12,21,57,93
-8.0	0.695292270524,80,58,22,15
-7.0	0.485665269118,98,81,24,2,50,61,9
-6.0	0.751342795684,46,86,24,42
-5.0	0.754091378396,86,42,45,30
-4.0	1.02988187545,63,31
-3.0	1.24287951159,72,37
-1.0	9.0
