0.0	0.760376172321
1.0	1.27080957696
2.0	1.04922425714
3.0	0.774702989715
4.0	0.766631543344
5.0	0.4940245148
6.0	0.709965289481
7.0	1.03716356244
8.0	0.353169861033
9.0	1.72184076827
10.0	0.924369594408
11.0	0.671870937963
12.0	1.02835347621
13.0	0.937069318164
14.0	0.335149000455
15.0	1.254029042
16.0	0.638096954222
17.0	0.570853907363
18.0	1.04395499155
19.0	0.914341700191
20.0	1.18805807178
21.0	1.41891173783
22.0	1.08256378931
23.0	0.589820866005
24.0	1.05737685361
25.0	0.842007557677
26.0	0.858312303502
27.0	1.37513721948
28.0	0.907735574741
29.0	0.893404160621
30.0	0.895583957908
31.0	2.21944909683
32.0	1.01042769119
33.0	1.03538011681
34.0	1.00256127835
35.0	0.504488758225
36.0	0.794894757865
37.0	1.36216586841
38.0	1.20030785921
39.0	1.17254504726
40.0	0.748734364541
41.0	0.981115158591
42.0	0.589684393152
43.0	0.949581335564
44.0	0.644728905581
45.0	1.48709459641
46.0	0.847580880491
47.0	0.525128336113
49.0	1.18204081254
50.0	0.855286663764
51.0	0.960286488628
52.0	0.863868347782
53.0	0.618933790908
54.0	0.699010052444
55.0	0.703091304955
56.0	0.552551488788
57.0	0.840036490332
58.0	0.888472370932
59.0	0.519094227688
60.0	0.567842432364
61.0	0.726868882112
62.0	1.04755786198
63.0	1.8043889431
64.0	1.04925203152
65.0	1.02605736021
66.0	1.04574769974
67.0	0.713401008498
68.0	0.921005473157
69.0	0.915874900227
70.0	1.25150295473
71.0	1.56831792743
72.0	2.00608608776
73.0	0.554222029224
74.0	0.438981150071
75.0	0.449545781924
76.0	0.929146257878
77.0	0.649585058957
78.0	1.69314526607
79.0	0.991297015375
80.0	1.2241533512
81.0	0.607515586387
82.0	0.699132142538
83.0	1.31730329691
84.0	1.09239665296
85.0	0.716383082148
86.0	1.37580386522
87.0	0.495422109491
88.0	1.31282132057
89.0	0.570825003535
90.0	0.941528641851
91.0	0.767418312616
92.0	1.6721057078
93.0	0.98950937342
94.0	1.09538046826
95.0	1.44285886408
96.0	0.837147477475
97.0	1.10815127925
98.0	1.16246569601
99.0	1.21643474117
-2.0	0.762210413192,96,66,15,1
-101.0	1.22896614934,1,83
-100.0	1.17035085482,28,66,5,49,13,94,92,15
-99.0	1.11730174368,89,50,62,37
-98.0	0.84570938154,24,74,60,31,13,12
-97.0	1.4539164961,76,88
-96.0	1.10212969859,17,20,90,4
-95.0	1.01095572813,75,66,43,15
-94.0	1.68941807181,57,39,22,34
-93.0	0.783938404185,81,12,24,95,66
-92.0	0.957048247735,96,26,52,93,1
-91.0	0.565753477115,57,38,16,32,58,35,40
-90.0	1.32449638843,21,55,82,44,50,26
-89.0	0.499854219254,63,20,54,30,19,8,47,27
-88.0	1.40251107441,71,95,60,11
-87.0	0.716971832346,32,69,90,54,99,64,57
-86.0	1.1116650127,9,21
-85.0	1.32312874679,27,70,18,29,1,10,4
-84.0	0.709908699108,24,52,32,53,23,2
-83.0	0.611525202528,96,26,21,5,78,93
-82.0	1.23221020438,79,31
-81.0	0.995131300115,43,26,74,0,90
-80.0	1.70115366671,82,19,13,34
-79.0	0.654091761539,32,40,69,5,44,79,86,87,41,0,85,37,83
-78.0	0.925018788705,9
-77.0	0.445619710245,54,51,91,85,34,37,65,29
-76.0	0.439617792999,84,35,54
-75.0	0.547258442415,41,51,50,92,84
-74.0	2.02492560587,10,93,95,51,92,49
-73.0	1.56265793,15,97,16,84,45
-72.0	1.26381986068,20,63,99
-71.0	0.916153116123,12,72,46,42,55,22,88
-70.0	0.931950476723,28,19,1,40,81,85,6
-69.0	0.72121450575,2,30,31,26,45,32
-68.0	1.05924953109,72,83,19,98,8,81
-67.0	1.02037563677,27,88
-66.0	1.04905534013,27,39,31,33,28,3,78
-65.0	1.83061658969,72,65,3,64
-64.0	1.05335216306,11,33,91,22
-63.0	0.72975617544,20,6,18,99,9
-62.0	0.55808552505,14,65,53,56,49
-61.0	0.528423081636,24,92,69,10
-60.0	0.904390997735,73,78,71,38,16
-59.0	0.849782339096,98,86,94,96
-58.0	0.560400461615,36,96,98,80,29
-57.0	0.712445752536,19,58,22,25,51,62,10
-56.0	0.707006551308,12,69,77
-55.0	0.61776924144,78,13,65,95,2
-54.0	0.866852315656,31,27,64,91
-53.0	0.964099361596,45,38,61,71
-52.0	0.865352784272,20,46,0,68
-51.0	1.19523027646,84,2,39,31,29
-49.0	0.531026242335,5,70,73,14,52
-48.0	0.850335096234,78
-47.0	1.49898257339,18,83,86,90,53,58
-46.0	0.658769457927,37,38,17
-45.0	0.939568552542,21,24,90,67,68,86,80,4,56
-44.0	0.599970884555,70,45,89,99,36
-43.0	0.977009384032,66,44,45,49
-42.0	0.75388752194,71,73,72,7
-41.0	1.17914427367,71,68,31,43,92
-40.0	1.20938652607,98,30,41
-39.0	1.37740913939,40,97,71,59
-38.0	0.797342961855,75,61,34,12,20,30,99,77
-37.0	0.505563233609,65,66,83,91,18,12,62,64
-36.0	1.00964163007,78,7,0,77
-35.0	1.03030550385,58,86,56,2
-34.0	1.01940398216,3,6,27,91,71,69,47,2
-33.0	2.22996901078,70,85,36,29,62,46,54,49
-32.0	0.903400051659,84,95,80
-31.0	0.905809039775,36,86,18,23,31
-30.0	0.911194248972,21,25,72
-29.0	1.40200682359,68,70,92,32
-28.0	0.871825553896,64,15,23,28
-27.0	0.855891638976,63
-26.0	1.05443326668,94,38,9,10,93,18,55
-25.0	0.586793656512,92,99
-24.0	1.09466374597,65,72,83,97,25
-22.0	1.20567910032,7,94
-21.0	0.92823145901,45,92,27,33,37
-20.0	1.06475193256,61,52,62,87
-19.0	0.575369299254,18,41,39,53,63,79,99,72
-18.0	0.630896469464,80,45,52,67
-17.0	1.25710089537,70,79,95,97,47
-16.0	0.333587557993,98,36,39,44,62
-15.0	0.948422041385,33,35,76,25,32
-14.0	1.03903740091,98,50,28,24,55,67,85
-13.0	0.670380386351,28,6,51,40,49,89,67
-12.0	0.939009309828,6,78,80,38,67,4
-11.0	1.77162914183,69,51,43,41,33,39,80
-10.0	0.359504873257,59,41,13,87
-9.0	1.03103322476,12,38,21,93,57
-8.0	0.715137319264,80,58,22,15
-7.0	0.502520055115,81,2,50,24,61,98,9
-6.0	0.778880199232,46,86,42,24
-5.0	0.766706761008,45,42,86,30
-4.0	1.06954413476,31,63
-3.0	1.2709974611,37,72
-1.0	4.0
