0.0	0.786314377994
1.0	1.30904955632
2.0	1.05131009159
3.0	0.79679745723
4.0	0.79836873341
5.0	0.516047587528
6.0	0.722687840314
7.0	1.05742798867
8.0	0.367552568991
9.0	1.69121959568
10.0	0.961632481737
11.0	0.652269247544
12.0	1.05300974713
13.0	0.937903035578
14.0	0.348360017132
15.0	1.27071795662
16.0	0.648163777059
17.0	0.586940535149
18.0	1.07296894894
19.0	0.918508202067
20.0	1.20835010849
21.0	1.42024876135
22.0	1.1130176656
23.0	0.580674900177
24.0	1.07967374004
25.0	0.881082185177
26.0	0.866979983105
27.0	1.44226941408
28.0	0.94787081993
29.0	0.919648887961
30.0	0.928359103307
31.0	2.2120030774
32.0	1.03434237721
33.0	1.07102663053
34.0	0.999229765424
35.0	0.532123402531
36.0	0.786041631559
37.0	1.41326193282
38.0	1.20346141766
39.0	1.18018258349
40.0	0.730108722362
41.0	1.00388651286
42.0	0.592114441113
43.0	0.95483480475
44.0	0.662014900592
45.0	1.52864647393
46.0	0.854904873789
47.0	0.53505351787
49.0	1.24884041185
50.0	0.868980444086
51.0	0.967390254569
52.0	0.891052275642
53.0	0.62581521283
54.0	0.734959457764
55.0	0.730237700662
56.0	0.565274506035
57.0	0.842937878192
58.0	0.889124946315
59.0	0.507621423445
60.0	0.544873293856
61.0	0.748105354901
62.0	1.08442497562
63.0	1.77832930246
64.0	1.06163570188
65.0	1.05393658054
66.0	1.08987925499
67.0	0.73748909299
68.0	0.927501154512
69.0	0.914101745056
70.0	1.29678423309
71.0	1.5396972187
72.0	2.09430437029
73.0	0.567385412289
74.0	0.45219888052
75.0	0.449058815946
76.0	0.966139374962
77.0	0.669016655316
78.0	1.72908105774
79.0	1.00866086458
80.0	1.23059627985
81.0	0.631511977981
82.0	0.679200699881
83.0	1.35611969759
84.0	1.12815670958
85.0	0.749744444719
86.0	1.36442390133
87.0	0.518638231844
88.0	1.35867511297
89.0	0.559972835169
90.0	0.964308318777
91.0	0.775515175706
92.0	1.69874109529
93.0	0.998130761842
94.0	1.11905134472
95.0	1.44841240625
96.0	0.833967854257
97.0	1.11007011393
98.0	1.2080316565
99.0	1.20629746784
-2.0	0.746113873628,96,66,15,1
-101.0	1.28152987719,1,83
-100.0	1.28721828776,28,92,15,66,5,49,13,94
-99.0	1.08813515339,50,89,37,62
-98.0	0.844664964894,24,12,74,60,31,13
-97.0	1.4937681395,76,88
-96.0	1.15354510346,20,90,17,4
-95.0	0.99515418084,15,66,43,75
-94.0	1.73490848214,57,22,39,34
-93.0	0.850057606455,66,24,12,95,81
-92.0	0.943702131845,1,52,26,93,96
-91.0	0.523620535715,40,57,16,58,35,32,38
-90.0	1.29131626112,21,82,55,26,50,44
-89.0	0.550849530677,54,8,30,27,63,19,47,20
-88.0	1.29511728861,71,60,11,95
-87.0	0.728589096298,90,32,69,54,64,57,99
-86.0	1.10080257937,21,9
-85.0	1.50228876679,27,18,70,4,10,1,29
-84.0	0.724787202384,52,2,24,53,23,32
-83.0	0.646520909646,78,21,5,96,93,26
-82.0	1.26614649235,31,79
-81.0	1.0737530029,26,43,0,90,74
-80.0	1.62947872732,19,82,13,34
-79.0	0.664315352182,40,32,69,44,37,79,86,87,41,0,83,85,5
-78.0	0.870233333333,9
-77.0	0.439613467262,54,29,65,37,34,51,85,91
-76.0	0.484422329061,54,84,35
-75.0	0.571980242675,84,41,50,51,92
-74.0	2.04538087879,10,92,95,93,49,51
-73.0	1.61949672238,84,16,45,15,97
-72.0	1.24784447115,20,99,63
-71.0	0.992905778501,55,42,46,72,88,22,12
-70.0	0.93058839286,28,19,6,85,81,40,1
-69.0	0.702251842404,2,32,45,31,30,26
-68.0	1.12252804487,83,19,98,72,81,8
-67.0	1.0664859375,27,88
-66.0	1.13560941588,31,28,33,78,27,3,39
-65.0	1.87466809753,72,65,3,64
-64.0	1.06850269983,22,33,11,91
-63.0	0.79158799794,20,18,6,99,9
-62.0	0.612387286325,53,49,65,14,56
-61.0	0.534706730768,24,92,69,10
-60.0	0.936863768425,73,78,16,71,38
-59.0	0.875052974556,86,98,96,94
-58.0	0.51441220238,36,80,29,96,98
-57.0	0.755105518489,10,62,58,51,25,22,19
-56.0	0.706119899322,69,77,12
-55.0	0.60973784722,2,95,65,13,78
-54.0	0.860301488092,31,27,64,91
-53.0	0.950083641584,45,38,61,71
-52.0	0.842256779828,0,68,20,46
-51.0	1.17100509387,84,2,29,39,31
-49.0	0.554436343865,73,5,70,14,52
-48.0	0.852651330563,78
-47.0	1.46759494175,90,86,53,58,83,18
-46.0	0.676984237638,37,38,17
-45.0	0.955706371011,4,24,90,67,68,56,80,21,86
-44.0	0.557175140085,45,99,89,70,36
-43.0	1.08321298731,66,44,45,49
-42.0	0.771126556232,7,73,71,72
-41.0	1.19329332483,71,68,31,43,92
-40.0	1.27965790435,30,41,98
-39.0	1.29913348024,40,59,97,71
-38.0	0.824362847224,75,61,34,12,20,30,99,77
-37.0	0.549649858277,18,12,62,64,65,66,83,91
-36.0	1.08875669643,78,7,0,77
-35.0	1.0395647534,86,2,56,58
-34.0	1.04032995232,71,69,47,2,3,6,27,91
-33.0	2.39057165061,29,36,62,54,46,49,70,85
-32.0	0.950406234102,84,95,80
-31.0	0.849493404685,36,86,18,23,31
-30.0	0.936719210601,21,25,72
-29.0	1.4371791356,92,32,68,70
-28.0	0.863919220592,64,15,23,28
-27.0	0.844039455783,63
-26.0	1.10462344649,10,9,18,38,55,93,94
-25.0	0.555928968254,92,99
-24.0	1.13352416928,65,72,83,97,25
-22.0	1.20518305289,7,94
-21.0	0.981292920375,45,92,27,33,37
-20.0	1.14657256072,61,52,62,87
-19.0	0.575264976343,41,63,53,79,99,72,18,39
-18.0	0.659030017008,52,67,80,45
-17.0	1.27053351648,97,47,70,79,95
-16.0	0.326233333333,62,98,36,39,44
-15.0	1.06639950397,33,35,76,25,32
-14.0	1.17436326013,55,67,85,98,50,28,24
-13.0	0.691965163311,51,40,89,6,67,28,49
-12.0	0.921589149444,67,4,6,78,80,38
-11.0	1.71266665795,80,69,51,43,41,33,39
-10.0	0.383790865385,41,59,87,13
-9.0	1.01303411172,93,21,12,38,57
-8.0	0.729573057848,22,15,80,58
-7.0	0.535107665599,61,2,50,98,24,81,9
-6.0	0.71228207036,46,86,42,24
-5.0	0.800881745484,45,42,86,30
-4.0	1.0298592122,31,63
-3.0	1.37236771978,72,37
-1.0	2.0
