$11
NodeId:0	0.742332421857,0.744312123752,1,15,66,96
NodeId:1	1.23496672909,1.2386136745,37,72
NodeId:10	0.898670117197,0.901185844368,38,4,6,67,78,80
NodeId:11	0.652994490579,0.654748489699,28,40,49,51,6,67,89
NodeId:12	1.00332765771,1.0059095758,24,28,50,55,67,85,98
NodeId:13	0.914730920774,0.917153918955,25,32,33,35,76
NodeId:14	0.331592055448,0.332122552307,36,39,44,62,98
NodeId:15	1.21868506788,1.22228537227,47,70,79,95,97
NodeId:16	0.625152180063,0.626787891628,45,52,67,80
NodeId:17	0.556143560833,0.557471781916,18,39,41,53,63,72,79,99
NodeId:18	1.01837431686,1.02118873716,52,61,62,87
NodeId:19	0.889668565995,0.892109515665,27,33,37,45,92
NodeId:2	1.02367289048,1.0265078666,31,63
NodeId:20	1.15393691875,1.15730029069,7,94
NodeId:21	1.38055095826,1.0
NodeId:22	1.05211937348,1.05511108958,25,65,72,83,97
NodeId:23	0.573801439046,0.575213234106,92,99
NodeId:24	1.02584973971,1.02851303538,10,18,38,55,9,93,94
NodeId:25	0.819829687589,0.821992610711,63
NodeId:26	0.83654644105,0.838824913288,15,23,28,64
NodeId:27	1.34168456332,1.34563657051,32,68,70,92
NodeId:28	0.883169500401,0.88555882455,21,25,72
NodeId:29	0.871194475661,0.873669127515,18,23,31,36,86
NodeId:3	0.749485501792,0.751541653692,30,42,45,86
NodeId:30	0.875034177706,0.877364047341,80,84,95
NodeId:31	2.151185575,2.1577731107,29,36,46,49,54,62,70,85
NodeId:32	0.982810249974,0.9854787054,2,27,3,47,6,69,71,91
NodeId:33	1.00306983901,1.00596656072,2,56,58,86
NodeId:34	0.976270661267,0.97909176114,0,7,77,78
NodeId:35	0.496102359834,0.49710520764,12,18,62,64,65,66,83,91
NodeId:36	0.775400244871,0.777408338899,12,20,30,34,61,75,77,99
NodeId:37	1.32608288989,1.33001773536,40,59,71,97
NodeId:38	1.16866774635,1.17192574514,30,41,98
NodeId:39	1.13646490501,1.13984017604,31,43,68,71,92
NodeId:4	0.746884769379,0.748921915648,24,42,46,86
NodeId:40	0.730592306468,0.732511772644,7,71,72,73
NodeId:41	0.953322395197,0.955841571252,44,45,49,66
NodeId:42	0.576986613832,0.57835052027,36,45,70,89,99
NodeId:43	0.918349237864,0.920993495868,21,24,4,56,67,68,80,86,90
NodeId:44	0.633082137581,0.634592295972,17,37,38
NodeId:45	1.45326822016,1.4575722479,18,53,58,83,86,90
NodeId:46	0.824471922915,0.826705066964,78
NodeId:47	0.513839298525,0.51504069182,14,5,52,70,73
NodeId:49	1.15291452939,1.15635950236,2,29,31,39,84
NodeId:5	0.483561998235,0.48455679378,2,24,50,61,81,9,98
NodeId:50	0.835066124779,0.837291846972,0,20,46,68
NodeId:51	0.932980592228,0.935645870128,38,45,61,71
NodeId:52	0.841563588923,0.84379030276,27,31,64,91
NodeId:53	0.606783309747,0.60828056608,13,2,65,78,95
NodeId:54	0.684570540337,0.686267209347,12,69,77
NodeId:55	0.687054195706,0.688769550125,10,19,22,25,51,58,62
NodeId:56	0.544785751046,0.54607457555,29,36,80,96,98
NodeId:57	0.820271362337,0.822585189404,86,94,96,98
NodeId:58	0.869076606141,0.87142087938,16,38,71,73,78
NodeId:59	0.506265601258,0.507390475444,10,24,69,92
NodeId:6	0.691343212355,0.69309949076,15,22,58,80
NodeId:60	0.551768358897,0.55314786964,14,49,53,56,65
NodeId:61	0.707266029301,0.708999084,18,20,6,9,99
NodeId:62	1.01914131962,1.02203482371,11,22,33,91
NodeId:63	1.74073144991,1.74591657896,3,64,65,72
NodeId:64	1.01643143757,1.01929154612,27,28,3,31,33,39,78
NodeId:65	0.997262064648,1.00001637499,27,88
NodeId:66	1.01790540343,1.02062855981,19,72,8,81,83,98
NodeId:67	0.699494477168,0.70124216265,2,26,30,31,32,45
NodeId:68	0.894627837696,0.897096012715,1,19,28,40,6,81,85
NodeId:69	0.888188416851,0.890549102856,12,22,42,46,55,72,88
NodeId:7	1.00556837447,1.00848276366,12,21,38,57,93
NodeId:70	1.21476782898,1.21834178076,20,63,99
NodeId:71	1.51954585026,1.52418390981,15,16,45,84,97
NodeId:72	1.94531258338,1.95127640943,10,49,51,92,93,95
NodeId:73	0.541357218791,0.54259475597,41,50,51,84,92
NodeId:74	0.430681262696,0.43160056839,35,54,84
NodeId:75	0.437909510833,0.438829590644,29,34,37,51,54,65,85,91
NodeId:76	0.902705732308,0.905351289255,9
NodeId:77	0.635099011232,0.636631576872,0,32,37,40,41,44,5,69,79,83,85,86,87
NodeId:78	1.64756016642,1.6525480351,13,19,34,82
NodeId:79	0.966312371879,0.96897055493,0,26,43,74,90
NodeId:8	0.345932718763,0.34652627056,13,41,59,87
NodeId:80	1.19108747913,1.19450957875,31,79
NodeId:81	0.590292946354,0.591638848941,21,26,5,78,93,96
NodeId:82	0.683045516461,0.684899246784,2,23,24,32,52,53
NodeId:83	1.28008209783,1.28381355034,1,10,18,27,29,4,70
NodeId:84	1.06880679637,1.07181946625,21,9
NodeId:85	0.698594197846,0.700420023219,32,54,57,64,69,90,99
NodeId:86	1.3410375387,1.34499807313,11,60,71,95
NodeId:87	0.482265349936,0.483234567436,19,20,27,30,47,54,63,8
NodeId:88	1.2799346308,1.28385218119,21,26,44,50,55,82
NodeId:89	0.557785517437,0.559171248594,16,32,35,38,40,57,58
NodeId:9	1.67933162113,1.68445973108,33,39,41,43,51,69,80
NodeId:90	0.919590528305,0.922260261185,1,26,52,93,96
NodeId:91	0.750638024142,0.752539846345,12,24,66,81,95
NodeId:92	1.62290091876,1.62766552374,22,34,39,57
NodeId:93	0.963363511075,0.966164116824,15,43,66,75
NodeId:94	1.0621065111,1.06514075439,17,20,4,90
NodeId:95	1.39995737869,1.40421074373,76,88
NodeId:96	0.816398104891,0.818514835464,12,13,24,31,60,74
NodeId:97	1.07889743195,1.08216825996,37,50,62,89
NodeId:98	1.13171274027,1.13471685864,13,15,28,49,5,66,92,94
NodeId:99	1.18539391076,1.18868570762,1,83
0.000777934429799
FinalRank:2.151185575	31
FinalRank:1.94531258338	72
FinalRank:1.74073144991	63
FinalRank:1.67933162113	9
FinalRank:1.64756016642	78
FinalRank:1.62290091876	92
FinalRank:1.51954585026	71
FinalRank:1.45326822016	45
FinalRank:1.39995737869	95
FinalRank:1.38055095826	21
FinalRank:1.34168456332	27
FinalRank:1.3410375387	86
FinalRank:1.32608288989	37
FinalRank:1.28008209783	83
FinalRank:1.2799346308	88
FinalRank:1.23496672909	1
FinalRank:1.21868506788	15
FinalRank:1.21476782898	70
FinalRank:1.19108747913	80
FinalRank:1.18539391076	99
