$15
NodeId:0	0.737206993247,0.738169626576,1,15,66,96
NodeId:1	1.2255641064,1.22732662657,37,72
NodeId:10	0.892170167603,0.893390695854,38,4,6,67,78,80
NodeId:11	0.648434298954,0.64929083367,28,40,49,51,6,67,89
NodeId:12	0.996486181362,0.997768119166,24,28,50,55,67,85,98
NodeId:13	0.908357295172,0.90955066659,25,32,33,35,76
NodeId:14	0.330229177042,0.330483719922,36,39,44,62,98
NodeId:15	1.20939202293,1.21113547676,47,70,79,95,97
NodeId:16	0.620909163912,0.621706360536,45,52,67,80
NodeId:17	0.552778401066,0.553410677985,18,39,41,53,63,72,79,99
NodeId:18	1.01104366117,1.01241807241,52,61,62,87
NodeId:19	0.883262468837,0.884465220795,27,33,37,45,92
NodeId:2	1.01626839335,1.01765657541,31,63
NodeId:20	1.14530811652,1.14693056869,7,94
NodeId:21	1.36982365664,1.0
NodeId:22	1.04431098598,1.04577760207,25,65,72,83,97
NodeId:23	0.570145978368,0.570831870372,92,99
NodeId:24	1.01882029264,1.02013886992,10,18,38,55,9,93,94
NodeId:25	0.814182139549,0.8152426148,63
NodeId:26	0.830608837621,0.831720523692,15,23,28,64
NodeId:27	1.3315558367,1.33345344567,32,68,70,92
NodeId:28	0.876966172561,0.878131359267,21,25,72
NodeId:29	0.864754563154,0.86596329128,18,23,31,36,86
NodeId:3	0.744091183341,0.745102225612,30,42,45,86
NodeId:30	0.869010442774,0.870141781689,80,84,95
NodeId:31	2.13374646573,2.13701310665,29,36,46,49,54,62,70,85
NodeId:32	0.975786568757,0.977100657448,2,27,3,47,6,69,71,91
NodeId:33	0.995546740957,0.996955719568,2,56,58,86
NodeId:34	0.968854192803,0.970245283772,0,7,77,78
NodeId:35	0.493483135438,0.493972949221,12,18,62,64,65,66,83,91
NodeId:36	0.770182794164,0.771162783222,12,20,30,34,61,75,77,99
NodeId:37	1.31583709245,1.31775568516,40,59,71,97
NodeId:38	1.16013516906,1.1617349867,30,41,98
NodeId:39	1.12772891006,1.12936600763,31,43,68,71,92
NodeId:4	0.741568623936,0.74256583284,24,42,46,86
NodeId:40	0.725533768614,0.726481434876,7,71,72,73
NodeId:41	0.946713903309,0.947950720252,44,45,49,66
NodeId:42	0.57338196455,0.574056421175,36,45,70,89,99
NodeId:43	0.911352975665,0.91266151266,21,24,4,56,67,68,80,86,90
NodeId:44	0.629088329058,0.629835547845,17,37,38
NodeId:45	1.44210501841,1.44420022577,18,53,58,83,86,90
NodeId:46	0.818536685237,0.819649644874,78
NodeId:47	0.510728891713,0.5113119519,14,5,52,70,73
NodeId:49	1.14398021226,1.14565648895,2,29,31,39,84
NodeId:5	0.481010717399,0.481489548189,2,24,50,61,81,9,98
NodeId:50	0.829159855706,0.830264946112,0,20,46,68
NodeId:51	0.926100527782,0.927390370152,38,45,61,71
NodeId:52	0.835753415479,0.836840704324,27,31,64,91
NodeId:53	0.602892669304,0.60362086669,13,2,65,78,95
NodeId:54	0.680226552402,0.681042640974,12,69,77
NodeId:55	0.68243865827,0.68330251913,10,19,22,25,51,58,62
NodeId:56	0.541355045156,0.541997459285,29,36,80,96,98
NodeId:57	0.814329409024,0.815445390812,86,94,96,98
NodeId:58	0.862925225739,0.864078358725,16,38,71,73,78
NodeId:59	0.503268904477,0.503828444032,10,24,69,92
NodeId:6	0.686792231849,0.687648624012,15,22,58,80
NodeId:60	0.548186435135,0.54885967776,14,49,53,56,65
NodeId:61	0.702611927757,0.703483629385,18,20,6,9,99
NodeId:62	1.0116229852,1.01303424139,11,22,33,91
NodeId:63	1.72728370858,1.72980719268,3,64,65,72
NodeId:64	1.00899609642,1.01038996506,27,28,3,31,33,39,78
NodeId:65	0.99008415193,0.991430334436,27,88
NodeId:66	1.01074174593,1.01208399815,19,72,8,81,83,98
NodeId:67	0.694872108757,0.695738908746,2,26,30,31,32,45
NodeId:68	0.88797818908,0.889221774105,1,19,28,40,6,81,85
NodeId:69	0.882116781184,0.883255899883,12,22,42,46,55,72,88
NodeId:7	0.997999919406,0.99941752743,12,21,38,57,93
NodeId:70	1.20530629091,1.2070752039,20,63,99
NodeId:71	1.50733785146,1.50962659374,15,16,45,84,97
NodeId:72	1.92959218019,1.93253669796,10,49,51,92,93,95
NodeId:73	0.538193657717,0.538787776235,41,50,51,84,92
NodeId:74	0.428308506435,0.4287536475,35,54,84
NodeId:75	0.435406152362,0.43587400209,29,34,37,51,54,65,85,91
NodeId:76	0.895793041196,0.897085537799,9
NodeId:77	0.631075250128,0.631830212568,0,32,37,40,41,44,5,69,79,83,85,86,87
NodeId:78	1.63485938554,1.63724992075,13,19,34,82
NodeId:79	0.959175944009,0.96050937623,0,26,43,74,90
NodeId:8	0.344397482214,0.34468621826,13,41,59,87
NodeId:80	1.18228121898,1.18393188938,31,79
NodeId:81	0.586750118024,0.587416265786,21,26,5,78,93,96
NodeId:82	0.67807020134,0.678999582816,2,23,24,32,52,53
NodeId:83	1.27040705233,1.27222230183,1,10,18,27,29,4,70
NodeId:84	1.06101241762,1.06247314075,21,9
NodeId:85	0.693815717781,0.69471443311,32,54,57,64,69,90,99
NodeId:86	1.33058127484,1.33253893016,11,60,71,95
NodeId:87	0.479696637205,0.480178031153,19,20,27,30,47,54,63,8
NodeId:88	1.26977982214,1.27167948128,21,26,44,50,55,82
NodeId:89	0.554219245217,0.554888534059,16,32,35,38,40,57,58
NodeId:9	1.66600660257,1.66850397217,33,39,41,43,51,69,80
NodeId:90	0.912760612478,0.9140431417,1,26,52,93,96
NodeId:91	0.745711609394,0.746635493605,12,24,66,81,95
NodeId:92	1.61030561529,1.61266318214,22,34,39,57
NodeId:93	0.956155655916,0.957506384212,15,43,66,75
NodeId:94	1.05416004869,1.05564703926,17,20,4,90
NodeId:95	1.38891733865,1.39098688912,76,88
NodeId:96	0.810887397682,0.811919382186,12,13,24,31,60,74
NodeId:97	1.07033482743,1.07193974232,37,50,62,89
NodeId:98	1.12376490397,1.12525558418,13,15,28,49,5,66,92,94
NodeId:99	1.17688410602,1.17848155365,1,83
0.000186214289261
FinalRank:2.13374646573	31
FinalRank:1.92959218019	72
FinalRank:1.72728370858	63
FinalRank:1.66600660257	9
FinalRank:1.63485938554	78
FinalRank:1.61030561529	92
FinalRank:1.50733785146	71
FinalRank:1.44210501841	45
FinalRank:1.38891733865	95
FinalRank:1.36982365664	21
FinalRank:1.3315558367	27
FinalRank:1.33058127484	86
FinalRank:1.31583709245	37
FinalRank:1.27040705233	83
FinalRank:1.26977982214	88
FinalRank:1.2255641064	1
FinalRank:1.20939202293	15
FinalRank:1.20530629091	70
FinalRank:1.18228121898	80
FinalRank:1.17688410602	99
