$5
NodeId:0	0.760376172321,0.762210413192,1,15,66,96
NodeId:1	1.27080957696,1.2709974611,37,72
NodeId:10	0.924369594408,0.939009309828,38,4,6,67,78,80
NodeId:11	0.671870937963,0.670380386351,28,40,49,51,6,67,89
NodeId:12	1.02835347621,1.03903740091,24,28,50,55,67,85,98
NodeId:13	0.937069318164,0.948422041385,25,32,33,35,76
NodeId:14	0.335149000455,0.333587557993,36,39,44,62,98
NodeId:15	1.254029042,1.25710089537,47,70,79,95,97
NodeId:16	0.638096954222,0.630896469464,45,52,67,80
NodeId:17	0.570853907363,0.575369299254,18,39,41,53,63,72,79,99
NodeId:18	1.04395499155,1.06475193256,52,61,62,87
NodeId:19	0.914341700191,0.92823145901,27,33,37,45,92
NodeId:2	1.04922425714,1.06954413476,31,63
NodeId:20	1.18805807178,1.20567910032,7,94
NodeId:21	1.41891173783,1.0
NodeId:22	1.08256378931,1.09466374597,25,65,72,83,97
NodeId:23	0.589820866005,0.586793656512,92,99
NodeId:24	1.05737685361,1.05443326668,10,18,38,55,9,93,94
NodeId:25	0.842007557677,0.855891638976,63
NodeId:26	0.858312303502,0.871825553896,15,23,28,64
NodeId:27	1.37513721948,1.40200682359,32,68,70,92
NodeId:28	0.907735574741,0.911194248972,21,25,72
NodeId:29	0.893404160621,0.905809039775,18,23,31,36,86
NodeId:3	0.774702989715,0.766706761008,30,42,45,86
NodeId:30	0.895583957908,0.903400051659,80,84,95
NodeId:31	2.21944909683,2.22996901078,29,36,46,49,54,62,70,85
NodeId:32	1.01042769119,1.01940398216,2,27,3,47,6,69,71,91
NodeId:33	1.03538011681,1.03030550385,2,56,58,86
NodeId:34	1.00256127835,1.00964163007,0,7,77,78
NodeId:35	0.504488758225,0.505563233609,12,18,62,64,65,66,83,91
NodeId:36	0.794894757865,0.797342961855,12,20,30,34,61,75,77,99
NodeId:37	1.36216586841,1.37740913939,40,59,71,97
NodeId:38	1.20030785921,1.20938652607,30,41,98
NodeId:39	1.17254504726,1.17914427367,31,43,68,71,92
NodeId:4	0.766631543344,0.778880199232,24,42,46,86
NodeId:40	0.748734364541,0.75388752194,7,71,72,73
NodeId:41	0.981115158591,0.977009384032,44,45,49,66
NodeId:42	0.589684393152,0.599970884555,36,45,70,89,99
NodeId:43	0.949581335564,0.939568552542,21,24,4,56,67,68,80,86,90
NodeId:44	0.644728905581,0.658769457927,17,37,38
NodeId:45	1.48709459641,1.49898257339,18,53,58,83,86,90
NodeId:46	0.847580880491,0.850335096234,78
NodeId:47	0.525128336113,0.531026242335,14,5,52,70,73
NodeId:49	1.18204081254,1.19523027646,2,29,31,39,84
NodeId:5	0.4940245148,0.502520055115,2,24,50,61,81,9,98
NodeId:50	0.855286663764,0.865352784272,0,20,46,68
NodeId:51	0.960286488628,0.964099361596,38,45,61,71
NodeId:52	0.863868347782,0.866852315656,27,31,64,91
NodeId:53	0.618933790908,0.61776924144,13,2,65,78,95
NodeId:54	0.699010052444,0.707006551308,12,69,77
NodeId:55	0.703091304955,0.712445752536,10,19,22,25,51,58,62
NodeId:56	0.552551488788,0.560400461615,29,36,80,96,98
NodeId:57	0.840036490332,0.849782339096,86,94,96,98
NodeId:58	0.888472370932,0.904390997735,16,38,71,73,78
NodeId:59	0.519094227688,0.528423081636,10,24,69,92
NodeId:6	0.709965289481,0.715137319264,15,22,58,80
NodeId:60	0.567842432364,0.55808552505,14,49,53,56,65
NodeId:61	0.726868882112,0.72975617544,18,20,6,9,99
NodeId:62	1.04755786198,1.05335216306,11,22,33,91
NodeId:63	1.8043889431,1.83061658969,3,64,65,72
NodeId:64	1.04925203152,1.04905534013,27,28,3,31,33,39,78
NodeId:65	1.02605736021,1.02037563677,27,88
NodeId:66	1.04574769974,1.05924953109,19,72,8,81,83,98
NodeId:67	0.713401008498,0.72121450575,2,26,30,31,32,45
NodeId:68	0.921005473157,0.931950476723,1,19,28,40,6,81,85
NodeId:69	0.915874900227,0.916153116123,12,22,42,46,55,72,88
NodeId:7	1.03716356244,1.03103322476,12,21,38,57,93
NodeId:70	1.25150295473,1.26381986068,20,63,99
NodeId:71	1.56831792743,1.56265793,15,16,45,84,97
NodeId:72	2.00608608776,2.02492560587,10,49,51,92,93,95
NodeId:73	0.554222029224,0.547258442415,41,50,51,84,92
NodeId:74	0.438981150071,0.439617792999,35,54,84
NodeId:75	0.449545781924,0.445619710245,29,34,37,51,54,65,85,91
NodeId:76	0.929146257878,0.925018788705,9
NodeId:77	0.649585058957,0.654091761539,0,32,37,40,41,44,5,69,79,83,85,86,87
NodeId:78	1.69314526607,1.70115366671,13,19,34,82
NodeId:79	0.991297015375,0.995131300115,0,26,43,74,90
NodeId:8	0.353169861033,0.359504873257,13,41,59,87
NodeId:80	1.2241533512,1.23221020438,31,79
NodeId:81	0.607515586387,0.611525202528,21,26,5,78,93,96
NodeId:82	0.699132142538,0.709908699108,2,23,24,32,52,53
NodeId:83	1.31730329691,1.32312874679,1,10,18,27,29,4,70
NodeId:84	1.09239665296,1.1116650127,21,9
NodeId:85	0.716383082148,0.716971832346,32,54,57,64,69,90,99
NodeId:86	1.37580386522,1.40251107441,11,60,71,95
NodeId:87	0.495422109491,0.499854219254,19,20,27,30,47,54,63,8
NodeId:88	1.31282132057,1.32449638843,21,26,44,50,55,82
NodeId:89	0.570825003535,0.565753477115,16,32,35,38,40,57,58
NodeId:9	1.72184076827,1.77162914183,33,39,41,43,51,69,80
NodeId:90	0.941528641851,0.957048247735,1,26,52,93,96
NodeId:91	0.767418312616,0.783938404185,12,24,66,81,95
NodeId:92	1.6721057078,1.68941807181,22,34,39,57
NodeId:93	0.98950937342,1.01095572813,15,43,66,75
NodeId:94	1.09538046826,1.10212969859,17,20,4,90
NodeId:95	1.44285886408,1.4539164961,76,88
NodeId:96	0.837147477476,0.84570938154,12,13,24,31,60,74
NodeId:97	1.10815127925,1.11730174368,37,50,62,89
NodeId:98	1.16246569601,1.17035085482,13,15,28,49,5,66,92,94
NodeId:99	1.21643474117,1.22896614934,1,83
