1	0.25
-2	1,0.25
15	0.25
-2	15,0.25
66	0.25
-2	66,0.25
96	0.25
-2	96,0.25
37	0.5
-3	37,0.5
72	0.5
-3	72,0.5
31	0.5
-4	31,0.5
63	0.5
-4	63,0.5
30	0.25
-5	30,0.25
42	0.25
-5	42,0.25
45	0.25
-5	45,0.25
86	0.25
-5	86,0.25
24	0.25
-6	24,0.25
42	0.25
-6	42,0.25
46	0.25
-6	46,0.25
86	0.25
-6	86,0.25
2	0.142857142857
-7	2,0.142857142857
9	0.142857142857
-7	9,0.142857142857
24	0.142857142857
-7	24,0.142857142857
50	0.142857142857
-7	50,0.142857142857
61	0.142857142857
-7	61,0.142857142857
81	0.142857142857
-7	81,0.142857142857
98	0.142857142857
-7	98,0.142857142857
15	0.25
-8	15,0.25
22	0.25
-8	22,0.25
58	0.25
-8	58,0.25
80	0.25
-8	80,0.25
12	0.2
-9	12,0.2
21	0.2
-9	21,0.2
38	0.2
-9	38,0.2
57	0.2
-9	57,0.2
93	0.2
-9	93,0.2
13	0.25
-10	13,0.25
41	0.25
-10	41,0.25
59	0.25
-10	59,0.25
87	0.25
-10	87,0.25
33	0.142857142857
-11	33,0.142857142857
39	0.142857142857
-11	39,0.142857142857
41	0.142857142857
-11	41,0.142857142857
43	0.142857142857
-11	43,0.142857142857
51	0.142857142857
-11	51,0.142857142857
69	0.142857142857
-11	69,0.142857142857
80	0.142857142857
-11	80,0.142857142857
4	0.166666666667
-12	4,0.166666666667
6	0.166666666667
-12	6,0.166666666667
38	0.166666666667
-12	38,0.166666666667
67	0.166666666667
-12	67,0.166666666667
78	0.166666666667
-12	78,0.166666666667
80	0.166666666667
-12	80,0.166666666667
6	0.142857142857
-13	6,0.142857142857
28	0.142857142857
-13	28,0.142857142857
40	0.142857142857
-13	40,0.142857142857
49	0.142857142857
-13	49,0.142857142857
51	0.142857142857
-13	51,0.142857142857
67	0.142857142857
-13	67,0.142857142857
89	0.142857142857
-13	89,0.142857142857
24	0.142857142857
-14	24,0.142857142857
28	0.142857142857
-14	28,0.142857142857
50	0.142857142857
-14	50,0.142857142857
55	0.142857142857
-14	55,0.142857142857
67	0.142857142857
-14	67,0.142857142857
85	0.142857142857
-14	85,0.142857142857
98	0.142857142857
-14	98,0.142857142857
25	0.2
-15	25,0.2
32	0.2
-15	32,0.2
33	0.2
-15	33,0.2
35	0.2
-15	35,0.2
76	0.2
-15	76,0.2
36	0.2
-16	36,0.2
39	0.2
-16	39,0.2
44	0.2
-16	44,0.2
62	0.2
-16	62,0.2
98	0.2
-16	98,0.2
47	0.2
-17	47,0.2
70	0.2
-17	70,0.2
79	0.2
-17	79,0.2
95	0.2
-17	95,0.2
97	0.2
-17	97,0.2
45	0.25
-18	45,0.25
52	0.25
-18	52,0.25
67	0.25
-18	67,0.25
80	0.25
-18	80,0.25
18	0.125
-19	18,0.125
39	0.125
-19	39,0.125
41	0.125
-19	41,0.125
53	0.125
-19	53,0.125
63	0.125
-19	63,0.125
72	0.125
-19	72,0.125
79	0.125
-19	79,0.125
99	0.125
-19	99,0.125
52	0.25
-20	52,0.25
61	0.25
-20	61,0.25
62	0.25
-20	62,0.25
87	0.25
-20	87,0.25
27	0.2
-21	27,0.2
33	0.2
-21	33,0.2
37	0.2
-21	37,0.2
45	0.2
-21	45,0.2
92	0.2
-21	92,0.2
7	0.5
-22	7,0.5
94	0.5
-22	94,0.5
25	0.2
-24	25,0.2
65	0.2
-24	65,0.2
72	0.2
-24	72,0.2
83	0.2
-24	83,0.2
97	0.2
-24	97,0.2
92	0.5
-25	92,0.5
99	0.5
-25	99,0.5
9	0.142857142857
-26	9,0.142857142857
10	0.142857142857
-26	10,0.142857142857
18	0.142857142857
-26	18,0.142857142857
38	0.142857142857
-26	38,0.142857142857
55	0.142857142857
-26	55,0.142857142857
93	0.142857142857
-26	93,0.142857142857
94	0.142857142857
-26	94,0.142857142857
63	1.0
-27	63,1.0
15	0.25
-28	15,0.25
23	0.25
-28	23,0.25
28	0.25
-28	28,0.25
64	0.25
-28	64,0.25
32	0.25
-29	32,0.25
68	0.25
-29	68,0.25
70	0.25
-29	70,0.25
92	0.25
-29	92,0.25
21	0.333333333333
-30	21,0.333333333333
25	0.333333333333
-30	25,0.333333333333
72	0.333333333333
-30	72,0.333333333333
18	0.2
-31	18,0.2
23	0.2
-31	23,0.2
31	0.2
-31	31,0.2
36	0.2
-31	36,0.2
86	0.2
-31	86,0.2
80	0.333333333333
-32	80,0.333333333333
84	0.333333333333
-32	84,0.333333333333
95	0.333333333333
-32	95,0.333333333333
29	0.125
-33	29,0.125
36	0.125
-33	36,0.125
46	0.125
-33	46,0.125
49	0.125
-33	49,0.125
54	0.125
-33	54,0.125
62	0.125
-33	62,0.125
70	0.125
-33	70,0.125
85	0.125
-33	85,0.125
2	0.125
-34	2,0.125
3	0.125
-34	3,0.125
6	0.125
-34	6,0.125
27	0.125
-34	27,0.125
47	0.125
-34	47,0.125
69	0.125
-34	69,0.125
71	0.125
-34	71,0.125
91	0.125
-34	91,0.125
2	0.25
-35	2,0.25
56	0.25
-35	56,0.25
58	0.25
-35	58,0.25
86	0.25
-35	86,0.25
0	0.25
-36	0,0.25
7	0.25
-36	7,0.25
77	0.25
-36	77,0.25
78	0.25
-36	78,0.25
12	0.125
-37	12,0.125
18	0.125
-37	18,0.125
62	0.125
-37	62,0.125
64	0.125
-37	64,0.125
65	0.125
-37	65,0.125
66	0.125
-37	66,0.125
83	0.125
-37	83,0.125
91	0.125
-37	91,0.125
12	0.125
-38	12,0.125
20	0.125
-38	20,0.125
30	0.125
-38	30,0.125
34	0.125
-38	34,0.125
61	0.125
-38	61,0.125
75	0.125
-38	75,0.125
77	0.125
-38	77,0.125
99	0.125
-38	99,0.125
40	0.25
-39	40,0.25
59	0.25
-39	59,0.25
71	0.25
-39	71,0.25
97	0.25
-39	97,0.25
30	0.333333333333
-40	30,0.333333333333
41	0.333333333333
-40	41,0.333333333333
98	0.333333333333
-40	98,0.333333333333
31	0.2
-41	31,0.2
43	0.2
-41	43,0.2
68	0.2
-41	68,0.2
71	0.2
-41	71,0.2
92	0.2
-41	92,0.2
7	0.25
-42	7,0.25
71	0.25
-42	71,0.25
72	0.25
-42	72,0.25
73	0.25
-42	73,0.25
44	0.25
-43	44,0.25
45	0.25
-43	45,0.25
49	0.25
-43	49,0.25
66	0.25
-43	66,0.25
36	0.2
-44	36,0.2
45	0.2
-44	45,0.2
70	0.2
-44	70,0.2
89	0.2
-44	89,0.2
99	0.2
-44	99,0.2
4	0.111111111111
-45	4,0.111111111111
21	0.111111111111
-45	21,0.111111111111
24	0.111111111111
-45	24,0.111111111111
56	0.111111111111
-45	56,0.111111111111
67	0.111111111111
-45	67,0.111111111111
68	0.111111111111
-45	68,0.111111111111
80	0.111111111111
-45	80,0.111111111111
86	0.111111111111
-45	86,0.111111111111
90	0.111111111111
-45	90,0.111111111111
17	0.333333333333
-46	17,0.333333333333
37	0.333333333333
-46	37,0.333333333333
38	0.333333333333
-46	38,0.333333333333
18	0.166666666667
-47	18,0.166666666667
53	0.166666666667
-47	53,0.166666666667
58	0.166666666667
-47	58,0.166666666667
83	0.166666666667
-47	83,0.166666666667
86	0.166666666667
-47	86,0.166666666667
90	0.166666666667
-47	90,0.166666666667
78	1.0
-48	78,1.0
5	0.2
-49	5,0.2
14	0.2
-49	14,0.2
52	0.2
-49	52,0.2
70	0.2
-49	70,0.2
73	0.2
-49	73,0.2
18	0.2
-50	18,0.2
39	0.2
-50	39,0.2
61	0.2
-50	61,0.2
79	0.2
-50	79,0.2
89	0.2
-50	89,0.2
2	0.2
-51	2,0.2
29	0.2
-51	29,0.2
31	0.2
-51	31,0.2
39	0.2
-51	39,0.2
84	0.2
-51	84,0.2
0	0.25
-52	0,0.25
20	0.25
-52	20,0.25
46	0.25
-52	46,0.25
68	0.25
-52	68,0.25
38	0.25
-53	38,0.25
45	0.25
-53	45,0.25
61	0.25
-53	61,0.25
71	0.25
-53	71,0.25
27	0.25
-54	27,0.25
31	0.25
-54	31,0.25
64	0.25
-54	64,0.25
91	0.25
-54	91,0.25
2	0.2
-55	2,0.2
13	0.2
-55	13,0.2
65	0.2
-55	65,0.2
78	0.2
-55	78,0.2
95	0.2
-55	95,0.2
12	0.333333333333
-56	12,0.333333333333
69	0.333333333333
-56	69,0.333333333333
77	0.333333333333
-56	77,0.333333333333
10	0.142857142857
-57	10,0.142857142857
19	0.142857142857
-57	19,0.142857142857
22	0.142857142857
-57	22,0.142857142857
25	0.142857142857
-57	25,0.142857142857
51	0.142857142857
-57	51,0.142857142857
58	0.142857142857
-57	58,0.142857142857
62	0.142857142857
-57	62,0.142857142857
29	0.2
-58	29,0.2
36	0.2
-58	36,0.2
80	0.2
-58	80,0.2
96	0.2
-58	96,0.2
98	0.2
-58	98,0.2
86	0.25
-59	86,0.25
94	0.25
-59	94,0.25
96	0.25
-59	96,0.25
98	0.25
-59	98,0.25
16	0.2
-60	16,0.2
38	0.2
-60	38,0.2
71	0.2
-60	71,0.2
73	0.2
-60	73,0.2
78	0.2
-60	78,0.2
10	0.25
-61	10,0.25
24	0.25
-61	24,0.25
69	0.25
-61	69,0.25
92	0.25
-61	92,0.25
14	0.2
-62	14,0.2
49	0.2
-62	49,0.2
53	0.2
-62	53,0.2
56	0.2
-62	56,0.2
65	0.2
-62	65,0.2
6	0.2
-63	6,0.2
9	0.2
-63	9,0.2
18	0.2
-63	18,0.2
20	0.2
-63	20,0.2
99	0.2
-63	99,0.2
11	0.25
-64	11,0.25
22	0.25
-64	22,0.25
33	0.25
-64	33,0.25
91	0.25
-64	91,0.25
3	0.25
-65	3,0.25
64	0.25
-65	64,0.25
65	0.25
-65	65,0.25
72	0.25
-65	72,0.25
3	0.142857142857
-66	3,0.142857142857
27	0.142857142857
-66	27,0.142857142857
28	0.142857142857
-66	28,0.142857142857
31	0.142857142857
-66	31,0.142857142857
33	0.142857142857
-66	33,0.142857142857
39	0.142857142857
-66	39,0.142857142857
78	0.142857142857
-66	78,0.142857142857
27	0.5
-67	27,0.5
88	0.5
-67	88,0.5
8	0.166666666667
-68	8,0.166666666667
19	0.166666666667
-68	19,0.166666666667
72	0.166666666667
-68	72,0.166666666667
81	0.166666666667
-68	81,0.166666666667
83	0.166666666667
-68	83,0.166666666667
98	0.166666666667
-68	98,0.166666666667
2	0.166666666667
-69	2,0.166666666667
26	0.166666666667
-69	26,0.166666666667
30	0.166666666667
-69	30,0.166666666667
31	0.166666666667
-69	31,0.166666666667
32	0.166666666667
-69	32,0.166666666667
45	0.166666666667
-69	45,0.166666666667
1	0.142857142857
-70	1,0.142857142857
6	0.142857142857
-70	6,0.142857142857
19	0.142857142857
-70	19,0.142857142857
28	0.142857142857
-70	28,0.142857142857
40	0.142857142857
-70	40,0.142857142857
81	0.142857142857
-70	81,0.142857142857
85	0.142857142857
-70	85,0.142857142857
12	0.142857142857
-71	12,0.142857142857
22	0.142857142857
-71	22,0.142857142857
42	0.142857142857
-71	42,0.142857142857
46	0.142857142857
-71	46,0.142857142857
55	0.142857142857
-71	55,0.142857142857
72	0.142857142857
-71	72,0.142857142857
88	0.142857142857
-71	88,0.142857142857
20	0.333333333333
-72	20,0.333333333333
63	0.333333333333
-72	63,0.333333333333
99	0.333333333333
-72	99,0.333333333333
15	0.2
-73	15,0.2
16	0.2
-73	16,0.2
45	0.2
-73	45,0.2
84	0.2
-73	84,0.2
97	0.2
-73	97,0.2
10	0.166666666667
-74	10,0.166666666667
49	0.166666666667
-74	49,0.166666666667
51	0.166666666667
-74	51,0.166666666667
92	0.166666666667
-74	92,0.166666666667
93	0.166666666667
-74	93,0.166666666667
95	0.166666666667
-74	95,0.166666666667
41	0.2
-75	41,0.2
50	0.2
-75	50,0.2
51	0.2
-75	51,0.2
84	0.2
-75	84,0.2
92	0.2
-75	92,0.2
35	0.333333333333
-76	35,0.333333333333
54	0.333333333333
-76	54,0.333333333333
84	0.333333333333
-76	84,0.333333333333
29	0.125
-77	29,0.125
34	0.125
-77	34,0.125
37	0.125
-77	37,0.125
51	0.125
-77	51,0.125
54	0.125
-77	54,0.125
65	0.125
-77	65,0.125
85	0.125
-77	85,0.125
91	0.125
-77	91,0.125
9	1.0
-78	9,1.0
0	0.0769230769231
-79	0,0.0769230769231
5	0.0769230769231
-79	5,0.0769230769231
32	0.0769230769231
-79	32,0.0769230769231
37	0.0769230769231
-79	37,0.0769230769231
40	0.0769230769231
-79	40,0.0769230769231
41	0.0769230769231
-79	41,0.0769230769231
44	0.0769230769231
-79	44,0.0769230769231
69	0.0769230769231
-79	69,0.0769230769231
79	0.0769230769231
-79	79,0.0769230769231
83	0.0769230769231
-79	83,0.0769230769231
85	0.0769230769231
-79	85,0.0769230769231
86	0.0769230769231
-79	86,0.0769230769231
87	0.0769230769231
-79	87,0.0769230769231
13	0.25
-80	13,0.25
19	0.25
-80	19,0.25
34	0.25
-80	34,0.25
82	0.25
-80	82,0.25
0	0.2
-81	0,0.2
26	0.2
-81	26,0.2
43	0.2
-81	43,0.2
74	0.2
-81	74,0.2
90	0.2
-81	90,0.2
31	0.5
-82	31,0.5
79	0.5
-82	79,0.5
5	0.166666666667
-83	5,0.166666666667
21	0.166666666667
-83	21,0.166666666667
26	0.166666666667
-83	26,0.166666666667
78	0.166666666667
-83	78,0.166666666667
93	0.166666666667
-83	93,0.166666666667
96	0.166666666667
-83	96,0.166666666667
2	0.166666666667
-84	2,0.166666666667
23	0.166666666667
-84	23,0.166666666667
24	0.166666666667
-84	24,0.166666666667
32	0.166666666667
-84	32,0.166666666667
52	0.166666666667
-84	52,0.166666666667
53	0.166666666667
-84	53,0.166666666667
1	0.142857142857
-85	1,0.142857142857
4	0.142857142857
-85	4,0.142857142857
10	0.142857142857
-85	10,0.142857142857
18	0.142857142857
-85	18,0.142857142857
27	0.142857142857
-85	27,0.142857142857
29	0.142857142857
-85	29,0.142857142857
70	0.142857142857
-85	70,0.142857142857
9	0.5
-86	9,0.5
21	0.5
-86	21,0.5
32	0.142857142857
-87	32,0.142857142857
54	0.142857142857
-87	54,0.142857142857
57	0.142857142857
-87	57,0.142857142857
64	0.142857142857
-87	64,0.142857142857
69	0.142857142857
-87	69,0.142857142857
90	0.142857142857
-87	90,0.142857142857
99	0.142857142857
-87	99,0.142857142857
11	0.25
-88	11,0.25
60	0.25
-88	60,0.25
71	0.25
-88	71,0.25
95	0.25
-88	95,0.25
8	0.125
-89	8,0.125
19	0.125
-89	19,0.125
20	0.125
-89	20,0.125
27	0.125
-89	27,0.125
30	0.125
-89	30,0.125
47	0.125
-89	47,0.125
54	0.125
-89	54,0.125
63	0.125
-89	63,0.125
21	0.166666666667
-90	21,0.166666666667
26	0.166666666667
-90	26,0.166666666667
44	0.166666666667
-90	44,0.166666666667
50	0.166666666667
-90	50,0.166666666667
55	0.166666666667
-90	55,0.166666666667
82	0.166666666667
-90	82,0.166666666667
16	0.142857142857
-91	16,0.142857142857
32	0.142857142857
-91	32,0.142857142857
35	0.142857142857
-91	35,0.142857142857
38	0.142857142857
-91	38,0.142857142857
40	0.142857142857
-91	40,0.142857142857
57	0.142857142857
-91	57,0.142857142857
58	0.142857142857
-91	58,0.142857142857
1	0.2
-92	1,0.2
26	0.2
-92	26,0.2
52	0.2
-92	52,0.2
93	0.2
-92	93,0.2
96	0.2
-92	96,0.2
12	0.2
-93	12,0.2
24	0.2
-93	24,0.2
66	0.2
-93	66,0.2
81	0.2
-93	81,0.2
95	0.2
-93	95,0.2
22	0.25
-94	22,0.25
34	0.25
-94	34,0.25
39	0.25
-94	39,0.25
57	0.25
-94	57,0.25
15	0.25
-95	15,0.25
43	0.25
-95	43,0.25
66	0.25
-95	66,0.25
75	0.25
-95	75,0.25
4	0.25
-96	4,0.25
17	0.25
-96	17,0.25
20	0.25
-96	20,0.25
90	0.25
-96	90,0.25
76	0.5
-97	76,0.5
88	0.5
-97	88,0.5
12	0.166666666667
-98	12,0.166666666667
13	0.166666666667
-98	13,0.166666666667
24	0.166666666667
-98	24,0.166666666667
31	0.166666666667
-98	31,0.166666666667
60	0.166666666667
-98	60,0.166666666667
74	0.166666666667
-98	74,0.166666666667
37	0.25
-99	37,0.25
50	0.25
-99	50,0.25
62	0.25
-99	62,0.25
89	0.25
-99	89,0.25
5	0.125
-100	5,0.125
13	0.125
-100	13,0.125
15	0.125
-100	15,0.125
28	0.125
-100	28,0.125
49	0.125
-100	49,0.125
66	0.125
-100	66,0.125
92	0.125
-100	92,0.125
94	0.125
-100	94,0.125
1	0.5
-101	1,0.5
83	0.5
-101	83,0.5
