0.0	0.762210413193
1.0	1.2709974611
2.0	1.06954413476
3.0	0.766706761008
4.0	0.778880199234
5.0	0.502520055115
6.0	0.715137319264
7.0	1.03103322476
8.0	0.359504873257
9.0	1.77162914183
10.0	0.939009309828
11.0	0.670380386351
12.0	1.03903740091
13.0	0.948422041384
14.0	0.333587557993
15.0	1.25710089537
16.0	0.630896469466
17.0	0.575369299254
18.0	1.06475193256
19.0	0.928231459012
20.0	1.20567910032
21.0	1.44991477251
22.0	1.09466374597
23.0	0.586793656513
24.0	1.05443326668
25.0	0.855891638976
26.0	0.871825553896
27.0	1.40200682359
28.0	0.911194248971
29.0	0.905809039773
30.0	0.903400051659
31.0	2.22996901078
32.0	1.01940398216
33.0	1.03030550385
34.0	1.00964163007
35.0	0.505563233609
36.0	0.797342961855
37.0	1.37740913939
38.0	1.20938652607
39.0	1.17914427367
40.0	0.753887521938
41.0	0.977009384033
42.0	0.599970884553
43.0	0.939568552539
44.0	0.658769457927
45.0	1.49898257339
46.0	0.850335096234
47.0	0.531026242337
49.0	1.19523027646
50.0	0.865352784274
51.0	0.964099361594
52.0	0.866852315655
53.0	0.617769241439
54.0	0.707006551308
55.0	0.712445752536
56.0	0.560400461614
57.0	0.849782339095
58.0	0.904390997737
59.0	0.528423081635
60.0	0.558085525052
61.0	0.729756175441
62.0	1.05335216306
63.0	1.83061658969
64.0	1.04905534013
65.0	1.02037563677
66.0	1.05924953109
67.0	0.721214505752
68.0	0.931950476724
69.0	0.916153116121
70.0	1.26381986068
71.0	1.56265793
72.0	2.02492560587
73.0	0.547258442413
74.0	0.439617792998
75.0	0.445619710245
76.0	0.925018788705
77.0	0.654091761539
78.0	1.70115366671
79.0	0.995131300115
80.0	1.23221020438
81.0	0.611525202526
82.0	0.709908699107
83.0	1.32312874679
84.0	1.1116650127
85.0	0.716971832347
86.0	1.40251107441
87.0	0.499854219254
88.0	1.32449638843
89.0	0.565753477115
90.0	0.957048247735
91.0	0.783938404184
92.0	1.68941807181
93.0	1.01095572813
94.0	1.10212969859
95.0	1.4539164961
96.0	0.845709381537
97.0	1.11730174368
98.0	1.17035085482
99.0	1.22896614934
-2.0	0.786314377992,1,15,66,96
-101.0	1.20629746784,83,1
-100.0	1.2080316565,28,15,66,5,49,13,94,92
-99.0	1.11007011393,89,50,37,62
-98.0	0.833967854256,24,74,60,31,13,12
-97.0	1.44841240625,76,88
-96.0	1.11905134472,20,90,4,17
-95.0	0.998130761844,15,43,66,75
-94.0	1.69874109529,22,34,57,39
-93.0	0.775515175705,95,24,12,81,66
-92.0	0.964308318775,96,93,26,52,1
-91.0	0.559972835169,40,57,38,16,32,58,35
-90.0	1.35867511297,55,21,26,50,44,82
-89.0	0.518638231844,27,63,20,54,30,19,8,47
-88.0	1.36442390133,11,95,71,60
-87.0	0.749744444722,90,69,32,57,64,99,54
-86.0	1.12815670958,21,9
-85.0	1.35611969759,18,70,27,4,10,1,29
-84.0	0.679200699882,32,52,53,23,2,24
-83.0	0.63151197798,96,93,26,21,5,78
-82.0	1.23059627985,79,31
-81.0	1.00866086458,26,43,74,0,90
-80.0	1.72908105774,19,13,82,34
-79.0	0.669016655316,5,40,32,69,44,79,86,87,41,0,83,85,37
-78.0	0.966139374962,9
-77.0	0.449058815946,65,37,34,91,51,54,85,29
-76.0	0.452198880519,54,35,84
-75.0	0.56738541229,50,92,51,41,84
-74.0	2.09430437029,49,92,10,51,95,93
-73.0	1.5396972187,97,84,16,45,15
-72.0	1.29678423309,20,63,99
-71.0	0.914101745053,88,55,42,46,22,12,72
-70.0	0.92750115451,28,19,6,85,81,40,1
-69.0	0.737489092992,26,2,32,45,31,30
-68.0	1.08987925499,83,19,98,72,81,8
-67.0	1.05393658054,88,27
-66.0	1.06163570188,78,3,33,31,39,27,28
-65.0	1.77832930246,64,3,65,72
-64.0	1.08442497562,91,33,22,11
-63.0	0.7481053549,18,20,6,99,9
-62.0	0.544873293855,49,14,56,65,53
-61.0	0.507621423444,24,92,69,10
-60.0	0.889124946315,73,78,38,16,71
-59.0	0.842937878192,96,94,98,86
-58.0	0.565274506035,36,29,96,98,80
-57.0	0.730237700661,51,22,62,19,10,58,25
-56.0	0.734959457763,77,12,69
-55.0	0.62581521283,95,78,65,2,13
-54.0	0.89105227564,31,27,91,64
-53.0	0.967390254568,61,71,45,38
-52.0	0.868980444084,68,20,46,0
-51.0	1.24884041185,84,2,31,29,39
-49.0	0.53505351787,70,73,5,14,52
-48.0	0.854904873789,78
-47.0	1.52864647393,86,18,90,53,58,83
-46.0	0.662014900593,37,38,17
-45.0	0.954834804747,86,68,67,90,24,4,80,56,21
-44.0	0.592114441115,99,70,36,45,89
-43.0	1.00388651286,66,44,45,49
-42.0	0.73010872236,72,73,7,71
-41.0	1.18018258349,68,71,92,43,31
-40.0	1.20346141766,41,98,30
-39.0	1.41326193282,40,71,59,97
-38.0	0.786041631559,61,75,77,99,30,20,12,34
-37.0	0.532123402531,62,64,65,66,83,91,18,12
-36.0	0.999229765424,78,7,0,77
-35.0	1.07102663053,2,58,56,86
-34.0	1.03434237721,27,91,71,69,47,2,3,6
-33.0	2.2120030774,54,46,49,70,85,36,29,62
-32.0	0.928359103308,80,95,84
-31.0	0.91964888796,31,23,18,86,36
-30.0	0.947870819931,72,25,21
-29.0	1.44226941408,70,92,32,68
-28.0	0.866979983104,64,15,23,28
-27.0	0.881082185177,63
-26.0	1.07967374004,18,55,94,93,38,10,9
-25.0	0.580674900176,99,92
-24.0	1.1130176656,25,97,83,72,65
-22.0	1.20835010849,94,7
-21.0	0.918508202065,45,92,27,33,37
-20.0	1.07296894894,62,87,61,52
-19.0	0.586940535149,39,53,41,63,79,99,72,18
-18.0	0.64816377706,67,80,45,52
-17.0	1.27071795662,47,70,79,95,97
-16.0	0.348360017132,39,44,62,98,36
-15.0	0.93790303558,33,35,76,25,32
-14.0	1.05300974713,28,24,55,67,85,98,50
-13.0	0.652269247544,89,67,28,49,6,51,40
-12.0	0.961632481734,80,38,67,4,6,78
-11.0	1.69121959568,41,33,39,80,69,51,43
-10.0	0.367552568991,87,13,59,41
-9.0	1.05742798867,12,38,21,93,57
-8.0	0.722687840316,22,15,58,80
-7.0	0.516047587528,61,98,24,81,9,2,50
-6.0	0.798368733412,46,86,24,42
-5.0	0.796797457228,86,42,45,30
-4.0	1.05131009159,63,31
-3.0	1.30904955632,72,37
-1.0	3.0
