$5	
NodeId:99	1.21643474117,1.22896614934,1,83
NodeId:98	1.16246569601,1.17035085482,28,66,5,49,13,94,92,15
NodeId:97	1.10815127925,1.11730174368,89,50,62,37
NodeId:96	0.837147477475,0.84570938154,24,74,60,31,13,12
NodeId:95	1.44285886408,1.4539164961,76,88
NodeId:94	1.09538046826,1.10212969859,17,20,90,4
NodeId:93	0.98950937342,1.01095572813,75,66,43,15
NodeId:92	1.6721057078,1.68941807181,57,39,22,34
NodeId:91	0.767418312616,0.783938404185,81,12,24,95,66
NodeId:90	0.941528641851,0.957048247735,96,26,52,93,1
NodeId:89	0.570825003535,0.565753477115,57,38,16,32,58,35,40
NodeId:88	1.31282132057,1.32449638843,21,55,82,44,50,26
NodeId:87	0.495422109491,0.499854219254,63,20,54,30,19,8,47,27
NodeId:86	1.37580386522,1.40251107441,71,95,60,11
NodeId:85	0.716383082148,0.716971832346,32,69,90,54,99,64,57
NodeId:84	1.09239665296,1.1116650127,9,21
NodeId:83	1.31730329691,1.32312874679,27,70,18,29,1,10,4
NodeId:82	0.699132142538,0.709908699108,24,52,32,53,23,2
NodeId:81	0.607515586387,0.611525202528,96,26,21,5,78,93
NodeId:80	1.2241533512,1.23221020438,79,31
NodeId:79	0.991297015375,0.995131300115,43,26,74,0,90
NodeId:78	1.69314526607,1.70115366671,82,19,13,34
NodeId:77	0.649585058957,0.654091761539,32,40,69,5,44,79,86,87,41,0,85,37,83
NodeId:76	0.929146257878,0.925018788705,9
NodeId:75	0.449545781924,0.445619710245,54,51,91,85,34,37,65,29
NodeId:74	0.438981150071,0.439617792999,84,35,54
NodeId:73	0.554222029224,0.547258442415,41,51,50,92,84
NodeId:72	2.00608608776,2.02492560587,10,93,95,51,92,49
NodeId:71	1.56831792743,1.56265793,15,97,16,84,45
NodeId:70	1.25150295473,1.26381986068,20,63,99
NodeId:69	0.915874900227,0.916153116123,12,72,46,42,55,22,88
NodeId:68	0.921005473157,0.931950476723,28,19,1,40,81,85,6
NodeId:67	0.713401008498,0.72121450575,2,30,31,26,45,32
NodeId:66	1.04574769974,1.05924953109,72,83,19,98,8,81
NodeId:65	1.02605736021,1.02037563677,27,88
NodeId:64	1.04925203152,1.04905534013,27,39,31,33,28,3,78
NodeId:63	1.8043889431,1.83061658969,72,65,3,64
NodeId:62	1.04755786198,1.05335216306,11,33,91,22
NodeId:61	0.726868882112,0.72975617544,20,6,18,99,9
NodeId:60	0.567842432364,0.55808552505,14,65,53,56,49
NodeId:59	0.519094227688,0.528423081636,24,92,69,10
NodeId:58	0.888472370932,0.904390997735,73,78,71,38,16
NodeId:57	0.840036490332,0.849782339096,98,86,94,96
NodeId:56	0.552551488788,0.560400461615,36,96,98,80,29
NodeId:55	0.703091304955,0.712445752536,19,58,22,25,51,62,10
NodeId:54	0.699010052444,0.707006551308,12,69,77
NodeId:53	0.618933790908,0.61776924144,78,13,65,95,2
NodeId:52	0.863868347782,0.866852315656,31,27,64,91
NodeId:51	0.960286488628,0.964099361596,45,38,61,71
NodeId:50	0.855286663764,0.865352784272,20,46,0,68
NodeId:49	1.18204081254,1.19523027646,84,2,39,31,29
NodeId:47	0.525128336113,0.531026242335,5,70,73,14,52
NodeId:46	0.847580880491,0.850335096234,78
NodeId:45	1.48709459641,1.49898257339,18,83,86,90,53,58
NodeId:44	0.644728905581,0.658769457927,37,38,17
NodeId:43	0.949581335564,0.939568552542,21,24,90,67,68,86,80,4,56
NodeId:42	0.589684393152,0.599970884555,70,45,89,99,36
NodeId:41	0.981115158591,0.977009384032,66,44,45,49
NodeId:40	0.748734364541,0.75388752194,71,73,72,7
NodeId:39	1.17254504726,1.17914427367,71,68,31,43,92
NodeId:38	1.20030785921,1.20938652607,98,30,41
NodeId:37	1.36216586841,1.37740913939,40,97,71,59
NodeId:36	0.794894757865,0.797342961855,75,61,34,12,20,30,99,77
NodeId:35	0.504488758225,0.505563233609,65,66,83,91,18,12,62,64
NodeId:34	1.00256127835,1.00964163007,78,7,0,77
NodeId:33	1.03538011681,1.03030550385,58,86,56,2
NodeId:32	1.01042769119,1.01940398216,3,6,27,91,71,69,47,2
NodeId:31	2.21944909683,2.22996901078,70,85,36,29,62,46,54,49
NodeId:30	0.895583957908,0.903400051659,84,95,80
NodeId:29	0.893404160621,0.905809039775,36,86,18,23,31
NodeId:28	0.907735574741,0.911194248972,21,25,72
NodeId:27	1.37513721948,1.40200682359,68,70,92,32
NodeId:26	0.858312303502,0.871825553896,64,15,23,28
NodeId:25	0.842007557677,0.855891638976,63
NodeId:24	1.05737685361,1.05443326668,94,38,9,10,93,18,55
NodeId:23	0.589820866005,0.586793656512,92,99
NodeId:22	1.08256378931,1.09466374597,65,72,83,97,25
NodeId:21	1.41891173783,1.0
NodeId:20	1.18805807178,1.20567910032,7,94
NodeId:19	0.914341700191,0.92823145901,45,92,27,33,37
NodeId:18	1.04395499155,1.06475193256,61,52,62,87
NodeId:17	0.570853907363,0.575369299254,18,41,39,53,63,79,99,72
NodeId:16	0.638096954222,0.630896469464,80,45,52,67
NodeId:15	1.254029042,1.25710089537,70,79,95,97,47
NodeId:14	0.335149000455,0.333587557993,98,36,39,44,62
NodeId:13	0.937069318164,0.948422041385,33,35,76,25,32
NodeId:12	1.02835347621,1.03903740091,98,50,28,24,55,67,85
NodeId:11	0.671870937963,0.670380386351,28,6,51,40,49,89,67
NodeId:10	0.924369594408,0.939009309828,6,78,80,38,67,4
NodeId:9	1.72184076827,1.77162914183,69,51,43,41,33,39,80
NodeId:8	0.353169861033,0.359504873257,59,41,13,87
NodeId:7	1.03716356244,1.03103322476,12,38,21,93,57
NodeId:6	0.709965289481,0.715137319264,80,58,22,15
NodeId:5	0.4940245148,0.502520055115,81,2,50,24,61,98,9
NodeId:4	0.766631543344,0.778880199232,46,86,42,24
NodeId:3	0.774702989715,0.766706761008,45,42,86,30
NodeId:2	1.04922425714,1.06954413476,31,63
NodeId:1	1.27080957696,1.2709974611,37,72
NodeId:0	0.760376172321,0.762210413192,96,66,15,1
