$7	
NodeId:99	1.20242768229,1.21118059863,1,83
NodeId:98	1.14854011639,1.15251183956,28,49,13,94,92,15,66,5
NodeId:97	1.09617626573,1.10329507602,50,37,89,62
NodeId:96	0.827856466115,0.830146021092,24,74,60,31,12,13
NodeId:95	1.42333067774,1.42916743327,88,76
NodeId:94	1.07891841747,1.0853401757,17,4,20,90
NodeId:93	0.978694637072,0.985033672696,15,75,43,66
NodeId:92	1.6487982734,1.65989405191,34,57,39,22
NodeId:91	0.759655362178,0.764902181655,81,95,66,24,12
NodeId:90	0.933951401634,0.938632632565,96,26,52,93,1
NodeId:89	0.565282861526,0.567312821857,40,32,57,16,38,58,35
NodeId:88	1.30094862206,1.31050277607,26,21,82,44,55,50
NodeId:87	0.487480967589,0.489361900413,27,19,30,54,20,63,47,8
NodeId:86	1.36337476322,1.37076561002,95,11,71,60
NodeId:85	0.70815096567,0.712761447531,54,90,69,32,57,64,99
NodeId:84	1.0848150247,1.08990551136,9,21
NodeId:83	1.30079258773,1.30591473427,4,70,29,27,10,18,1
NodeId:82	0.693541388342,0.695776389456,32,53,2,24,23,52
NodeId:81	0.5975933598,0.600433773906,93,96,21,26,5,78
NodeId:80	1.20973984288,1.21386147357,79,31
NodeId:79	0.979868702929,0.986576208295,43,0,74,26,90
NodeId:78	1.67433254527,1.68417331011,19,82,13,34
NodeId:77	0.643399182015,0.645554687865,40,32,69,83,5,79,86,87,41,0,37,44,85
NodeId:76	0.915864818047,0.922516801322,9
NodeId:75	0.443135032107,0.444728309875,65,29,91,37,54,85,34,51
NodeId:74	0.435321975065,0.437116385256,35,54,84
NodeId:73	0.547844932585,0.54941817266,92,84,50,41,51
NodeId:72	1.97725531748,1.99387456264,10,93,95,51,92,49
NodeId:71	1.54380590347,1.55271640298,45,16,15,97,84
NodeId:70	1.23458082842,1.24069448428,20,99,63
NodeId:69	0.900405390436,0.904261221983,72,42,88,12,22,55,46
NodeId:68	0.908165396435,0.912980414913,85,40,6,28,81,19,1
NodeId:67	0.708883305094,0.71268646539,30,32,31,2,45,26
NodeId:66	1.03231165283,1.03791267358,8,81,83,19,72,98
NodeId:65	1.01189259146,1.02058662244,27,88
NodeId:64	1.03098358765,1.03998734363,31,78,3,33,27,39,28
NodeId:63	1.76766877231,1.77951106394,72,65,3,64
NodeId:62	1.03440832009,1.03909168247,91,22,33,11
NodeId:61	0.716551685845,0.720347573645,20,6,18,99,9
NodeId:60	0.558891711784,0.560954214,53,65,14,49,56
NodeId:59	0.512251043829,0.514508842508,24,92,69,10
NodeId:58	0.881920653745,0.88624747079,73,78,38,16,71
NodeId:57	0.832767826671,0.837944107496,86,98,96,94
NodeId:56	0.551441078856,0.556234170015,36,80,29,96,98
NodeId:55	0.696640098174,0.700463655493,10,22,62,51,25,58,19
NodeId:54	0.69328859648,0.697586671782,77,12,69
NodeId:53	0.61454399259,0.616901895845,2,95,65,13,78
NodeId:52	0.853162151248,0.855811444924,31,27,64,91
NodeId:51	0.947291838018,0.95221787904,45,38,61,71
NodeId:50	0.847351371027,0.850543096844,0,68,20,46
NodeId:49	1.17112667019,1.18012848872,84,2,31,29,39
NodeId:47	0.519977696584,0.523181478465,70,73,5,14,52
NodeId:46	0.836400171444,0.841687466291,78
NodeId:45	1.47673840509,1.48613146452,58,53,83,18,86,90
NodeId:44	0.641407330004,0.643918190931,37,38,17
NodeId:43	0.932674365183,0.937204557219,4,24,90,67,68,56,80,21,86
NodeId:42	0.585259949229,0.588746969015,99,70,89,45,36
NodeId:41	0.966548674395,0.971560328828,66,44,45,49
NodeId:40	0.74041388962,0.744668288056,72,73,7,71
NodeId:39	1.15516935386,1.16038779875,71,68,31,43,92
NodeId:38	1.18602284696,1.19275476214,41,98,30
NodeId:37	1.3463581048,1.35392460456,40,71,59,97
NodeId:36	0.786407254926,0.788850603851,75,61,34,12,20,30,99,77
NodeId:35	0.501206286907,0.502994241323,18,12,62,64,65,66,83,91
NodeId:34	0.991682074014,0.9973376393,78,7,0,77
NodeId:33	1.01825517021,1.02383575877,2,58,56,86
NodeId:32	0.997293130338,1.00040401451,71,69,47,2,3,6,27,91
NodeId:31	2.18506904933,2.19898602169,62,29,85,70,36,54,49,46
NodeId:30	0.887963627784,0.892872922119,84,80,95
NodeId:29	0.884651660304,0.888419654575,36,86,18,23,31
NodeId:28	0.89551601853,0.901604720556,21,72,25
NodeId:27	1.36308093588,1.37244846509,92,32,68,70
NodeId:26	0.848965430123,0.851693233084,64,15,23,28
NodeId:25	0.831795061389,0.835904747193,63
NodeId:24	1.0401124734,1.04586031864,55,94,9,38,18,10,93
NodeId:23	0.580584475148,0.583313791994,99,92
NodeId:22	1.06826989563,1.07538488608,72,83,97,25,65
NodeId:21	1.40249703892,1.0
NodeId:20	1.17117446539,1.17977314651,7,94
NodeId:19	0.902837367624,0.9077913106,33,37,27,92,45
NodeId:18	1.03311970631,1.03872732825,61,52,62,87
NodeId:17	0.563078274767,0.56544153942,99,18,72,39,41,53,63,79
NodeId:16	0.633511844052,0.636968815436,52,67,80,45
NodeId:15	1.23720115213,1.24523569484,95,97,47,70,79
NodeId:14	0.334303067719,0.335805030642,36,39,44,62,98
NodeId:13	0.927360618661,0.932168581805,33,35,76,25,32
NodeId:12	1.01695136151,1.02270053892,24,55,67,85,98,50,28
NodeId:11	0.662094674655,0.66496436703,89,40,28,6,67,51,49
NodeId:10	0.912427678095,0.918232443504,80,38,67,4,6,78
NodeId:9	1.70646598801,1.71599505854,51,43,41,33,39,80,69
NodeId:8	0.349032330676,0.35078618993,41,59,87,13
NodeId:7	1.02157984683,1.02707500462,38,57,12,21,93
NodeId:6	0.700442524222,0.70529871842,15,58,22,80
NodeId:5	0.488666030571,0.491321374651,24,50,61,98,2,9,81
NodeId:4	0.75780684116,0.763361647888,46,86,42,24
NodeId:3	0.76072320507,0.768199767856,45,42,86,30
NodeId:2	1.03854588106,1.04363945374,31,63
NodeId:1	1.2543611056,1.2604192071,37,72
NodeId:0	0.752601956817,0.755786049552,96,66,15,1
