0.0	0.755786049552
1.0	1.2604192071
2.0	1.04363945374
3.0	0.768199767854
4.0	0.763361647887
5.0	0.491321374651
6.0	0.70529871842
7.0	1.02707500462
8.0	0.35078618993
9.0	1.71599505854
10.0	0.918232443505
11.0	0.66496436703
12.0	1.02270053892
13.0	0.932168581807
14.0	0.335805030642
15.0	1.24523569484
16.0	0.636968815436
17.0	0.56544153942
18.0	1.03872732825
19.0	0.907791310598
20.0	1.17977314651
21.0	1.40950853948
22.0	1.07538488608
23.0	0.583313791993
24.0	1.04586031864
25.0	0.835904747193
26.0	0.851693233084
27.0	1.37244846509
28.0	0.901604720556
29.0	0.888419654576
30.0	0.892872922118
31.0	2.19898602169
32.0	1.00040401451
33.0	1.02383575877
34.0	0.9973376393
35.0	0.502994241323
36.0	0.788850603851
37.0	1.35392460456
38.0	1.19275476214
39.0	1.16038779875
40.0	0.744668288056
41.0	0.97156032883
42.0	0.588746969017
43.0	0.937204557218
44.0	0.643918190931
45.0	1.48613146452
46.0	0.841687466291
47.0	0.523181478463
49.0	1.18012848872
50.0	0.850543096845
51.0	0.952217879041
52.0	0.855811444922
53.0	0.616901895844
54.0	0.697586671783
55.0	0.700463655491
56.0	0.556234170017
57.0	0.837944107498
58.0	0.886247470789
59.0	0.514508842506
60.0	0.560954214001
61.0	0.720347573643
62.0	1.03909168247
63.0	1.77951106394
64.0	1.03998734363
65.0	1.02058662244
66.0	1.03791267358
67.0	0.712686465393
68.0	0.912980414916
69.0	0.904261221985
70.0	1.24069448428
71.0	1.55271640298
72.0	1.99387456264
73.0	0.549418172662
74.0	0.437116385256
75.0	0.444728309875
76.0	0.922516801322
77.0	0.645554687865
78.0	1.68417331011
79.0	0.986576208297
80.0	1.21386147357
81.0	0.600433773907
82.0	0.695776389453
83.0	1.30591473427
84.0	1.08990551136
85.0	0.712761447531
86.0	1.37076561002
87.0	0.489361900413
88.0	1.31050277607
89.0	0.567312821857
90.0	0.938632632564
91.0	0.764902181654
92.0	1.65989405191
93.0	0.985033672695
94.0	1.0853401757
95.0	1.42916743327
96.0	0.830146021094
97.0	1.10329507602
98.0	1.15251183956
99.0	1.21118059863
-2.0	0.76037617232,1,15,66,96
-101.0	1.21643474117,83,1
-100.0	1.16246569601,28,5,49,13,94,92,15,66
-99.0	1.10815127925,62,89,37,50
-98.0	0.837147477474,13,24,12,31,60,74
-97.0	1.44285886408,88,76
-96.0	1.09538046826,20,17,4,90
-95.0	0.98950937342,43,15,75,66
-94.0	1.6721057078,22,34,57,39
-93.0	0.767418312615,81,24,95,66,12
-92.0	0.94152864185,1,93,52,26,96
-91.0	0.570825003535,57,16,35,40,32,58,38
-90.0	1.31282132057,55,21,82,44,50,26
-89.0	0.495422109491,27,8,19,30,54,20,63,47
-88.0	1.37580386522,71,11,95,60
-87.0	0.716383082149,69,90,54,99,64,57,32
-86.0	1.09239665296,21,9
-85.0	1.31730329691,29,70,4,1,18,10,27
-84.0	0.699132142536,32,2,24,52,23,53
-83.0	0.607515586386,93,78,96,21,26,5
-82.0	1.2241533512,79,31
-81.0	0.991297015375,74,90,0,26,43
-80.0	1.69314526607,82,13,34,19
-79.0	0.649585058957,83,32,40,69,5,79,86,87,41,0,85,37,44
-78.0	0.929146257878,9
-77.0	0.449545781924,34,85,54,91,29,65,37,51
-76.0	0.438981150072,84,54,35
-75.0	0.554222029225,50,41,84,92,51
-74.0	2.00608608776,10,92,49,51,95,93
-73.0	1.56831792743,45,15,97,16,84
-72.0	1.25150295473,20,99,63
-71.0	0.915874900227,42,46,55,22,88,12,72
-70.0	0.921005473157,28,1,40,81,85,6,19
-69.0	0.713401008498,32,2,30,31,26,45
-68.0	1.04574769974,8,98,72,19,83,81
-67.0	1.02605736021,27,88
-66.0	1.04925203152,31,39,27,33,78,3,28
-65.0	1.8043889431,64,3,65,72
-64.0	1.04755786198,33,22,11,91
-63.0	0.72686888211,6,20,18,99,9
-62.0	0.567842432365,56,53,49,65,14
-61.0	0.519094227688,24,92,69,10
-60.0	0.88847237093,73,78,16,71,38
-59.0	0.840036490332,94,96,86,98
-58.0	0.55255148879,36,98,80,29,96
-57.0	0.703091304958,25,62,58,10,19,22,51
-56.0	0.699010052445,69,77,12
-55.0	0.61893379091,13,2,65,78,95
-54.0	0.86386834778,31,27,91,64
-53.0	0.960286488628,61,71,45,38
-52.0	0.855286663764,46,0,68,20
-51.0	1.18204081254,84,2,29,39,31
-49.0	0.525128336115,73,5,70,14,52
-48.0	0.847580880491,78
-47.0	1.48709459641,83,58,18,86,90,53
-46.0	0.644728905582,37,38,17
-45.0	0.949581335565,56,68,67,90,24,21,80,86,4
-44.0	0.58968439315,45,99,36,70,89
-43.0	0.981115158592,66,44,45,49
-42.0	0.74873436454,7,73,71,72
-41.0	1.17254504726,68,71,92,43,31
-40.0	1.20030785921,30,41,98
-39.0	1.36216586841,40,59,97,71
-38.0	0.794894757865,61,75,77,99,30,20,12,34
-37.0	0.504488758225,83,91,18,12,62,64,65,66
-36.0	1.00256127835,78,7,0,77
-35.0	1.03538011681,86,2,56,58
-34.0	1.01042769119,47,2,3,6,27,91,71,69
-33.0	2.21944909683,49,54,46,62,29,85,70,36
-32.0	0.895583957907,95,80,84
-31.0	0.89340416062,31,23,18,86,36
-30.0	0.907735574742,25,72,21
-29.0	1.37513721948,32,68,70,92
-28.0	0.858312303504,64,15,23,28
-27.0	0.842007557677,63
-26.0	1.05737685361,10,93,55,18,94,38,9
-25.0	0.589820866006,92,99
-24.0	1.08256378931,65,25,97,83,72
-22.0	1.18805807178,94,7
-21.0	0.91434170019,33,37,27,92,45
-20.0	1.04395499155,62,87,61,52
-19.0	0.570853907363,72,39,18,41,53,63,79,99
-18.0	0.63809695422,45,52,67,80
-17.0	1.254029042,79,95,97,47,70
-16.0	0.335149000455,44,62,98,36,39
-15.0	0.937069318165,33,35,76,25,32
-14.0	1.02835347621,67,85,98,50,28,24,55
-13.0	0.671870937963,51,49,89,67,40,28,6
-12.0	0.924369594408,67,4,6,78,80,38
-11.0	1.72184076827,33,39,80,69,51,43,41
-10.0	0.353169861033,13,87,41,59
-9.0	1.03716356244,38,93,21,57,12
-8.0	0.70996528948,80,58,22,15
-7.0	0.4940245148,24,50,81,2,98,9,61
-6.0	0.766631543344,46,86,24,42
-5.0	0.774702989716,86,42,45,30
-4.0	1.04922425714,63,31
-3.0	1.27080957696,72,37
-1.0	5.0
