0.0	0.752601956817
1.0	1.2543611056
2.0	1.03854588106
3.0	0.76072320507
4.0	0.75780684116
5.0	0.488666030571
6.0	0.700442524222
7.0	1.02157984683
8.0	0.349032330676
9.0	1.70646598801
10.0	0.912427678095
11.0	0.662094674655
12.0	1.01695136151
13.0	0.927360618661
14.0	0.334303067719
15.0	1.23720115213
16.0	0.633511844052
17.0	0.563078274767
18.0	1.03311970631
19.0	0.902837367624
20.0	1.17117446539
21.0	1.40249703892
22.0	1.06826989563
23.0	0.580584475148
24.0	1.0401124734
25.0	0.831795061389
26.0	0.848965430123
27.0	1.36308093588
28.0	0.89551601853
29.0	0.884651660304
30.0	0.887963627784
31.0	2.18506904933
32.0	0.997293130338
33.0	1.01825517021
34.0	0.991682074014
35.0	0.501206286907
36.0	0.786407254926
37.0	1.3463581048
38.0	1.18602284696
39.0	1.15516935386
40.0	0.74041388962
41.0	0.966548674395
42.0	0.585259949229
43.0	0.932674365183
44.0	0.641407330004
45.0	1.47673840509
46.0	0.836400171444
47.0	0.519977696584
49.0	1.17112667019
50.0	0.847351371027
51.0	0.947291838018
52.0	0.853162151248
53.0	0.61454399259
54.0	0.69328859648
55.0	0.696640098174
56.0	0.551441078856
57.0	0.832767826671
58.0	0.881920653745
59.0	0.512251043829
60.0	0.558891711784
61.0	0.716551685845
62.0	1.03440832009
63.0	1.76766877231
64.0	1.03098358765
65.0	1.01189259146
66.0	1.03231165283
67.0	0.708883305094
68.0	0.908165396435
69.0	0.900405390436
70.0	1.23458082842
71.0	1.54380590347
72.0	1.97725531748
73.0	0.547844932585
74.0	0.435321975065
75.0	0.443135032107
76.0	0.915864818047
77.0	0.643399182015
78.0	1.67433254527
79.0	0.979868702929
80.0	1.20973984288
81.0	0.5975933598
82.0	0.693541388342
83.0	1.30079258773
84.0	1.0848150247
85.0	0.70815096567
86.0	1.36337476322
87.0	0.487480967589
88.0	1.30094862206
89.0	0.565282861526
90.0	0.933951401634
91.0	0.759655362178
92.0	1.6487982734
93.0	0.978694637072
94.0	1.07891841747
95.0	1.42333067774
96.0	0.827856466115
97.0	1.09617626573
98.0	1.14854011639
99.0	1.20242768229
-2.0	0.755786049552,96,66,15,1
-101.0	1.21118059863,1,83
-100.0	1.15251183956,28,49,13,94,92,15,66,5
-99.0	1.10329507602,50,37,89,62
-98.0	0.830146021092,24,74,60,31,12,13
-97.0	1.42916743327,88,76
-96.0	1.0853401757,17,4,20,90
-95.0	0.985033672696,15,75,43,66
-94.0	1.65989405191,34,57,39,22
-93.0	0.764902181655,81,95,66,24,12
-92.0	0.938632632565,96,26,52,93,1
-91.0	0.567312821857,40,32,57,16,38,58,35
-90.0	1.31050277607,26,21,82,44,55,50
-89.0	0.489361900413,27,19,30,54,20,63,47,8
-88.0	1.37076561002,95,11,71,60
-87.0	0.712761447531,54,90,69,32,57,64,99
-86.0	1.08990551136,9,21
-85.0	1.30591473427,4,70,29,27,10,18,1
-84.0	0.695776389456,32,53,2,24,23,52
-83.0	0.600433773906,93,96,21,26,5,78
-82.0	1.21386147357,79,31
-81.0	0.986576208295,43,0,74,26,90
-80.0	1.68417331011,19,82,13,34
-79.0	0.645554687865,40,32,69,83,5,79,86,87,41,0,37,44,85
-78.0	0.922516801322,9
-77.0	0.444728309875,65,29,91,37,54,85,34,51
-76.0	0.437116385256,35,54,84
-75.0	0.54941817266,92,84,50,41,51
-74.0	1.99387456264,10,93,95,51,92,49
-73.0	1.55271640298,45,16,15,97,84
-72.0	1.24069448428,20,99,63
-71.0	0.904261221983,72,42,88,12,22,55,46
-70.0	0.912980414913,85,40,6,28,81,19,1
-69.0	0.71268646539,30,32,31,2,45,26
-68.0	1.03791267358,8,81,83,19,72,98
-67.0	1.02058662244,27,88
-66.0	1.03998734363,31,78,3,33,27,39,28
-65.0	1.77951106394,72,65,3,64
-64.0	1.03909168247,91,22,33,11
-63.0	0.720347573645,20,6,18,99,9
-62.0	0.560954214,53,65,14,49,56
-61.0	0.514508842508,24,92,69,10
-60.0	0.88624747079,73,78,38,16,71
-59.0	0.837944107496,86,98,96,94
-58.0	0.556234170015,36,80,29,96,98
-57.0	0.700463655493,10,22,62,51,25,58,19
-56.0	0.697586671782,77,12,69
-55.0	0.616901895845,2,95,65,13,78
-54.0	0.855811444924,31,27,64,91
-53.0	0.95221787904,45,38,61,71
-52.0	0.850543096844,0,68,20,46
-51.0	1.18012848872,84,2,31,29,39
-49.0	0.523181478465,70,73,5,14,52
-48.0	0.841687466291,78
-47.0	1.48613146452,58,53,83,18,86,90
-46.0	0.643918190931,37,38,17
-45.0	0.937204557219,4,24,90,67,68,56,80,21,86
-44.0	0.588746969015,99,70,89,45,36
-43.0	0.971560328828,66,44,45,49
-42.0	0.744668288056,72,73,7,71
-41.0	1.16038779875,71,68,31,43,92
-40.0	1.19275476214,41,98,30
-39.0	1.35392460456,40,71,59,97
-38.0	0.788850603851,75,61,34,12,20,30,99,77
-37.0	0.502994241323,18,12,62,64,65,66,83,91
-36.0	0.9973376393,78,7,0,77
-35.0	1.02383575877,2,58,56,86
-34.0	1.00040401451,71,69,47,2,3,6,27,91
-33.0	2.19898602169,62,29,85,70,36,54,49,46
-32.0	0.892872922119,84,80,95
-31.0	0.888419654575,36,86,18,23,31
-30.0	0.901604720556,21,72,25
-29.0	1.37244846509,92,32,68,70
-28.0	0.851693233084,64,15,23,28
-27.0	0.835904747193,63
-26.0	1.04586031864,55,94,9,38,18,10,93
-25.0	0.583313791994,99,92
-24.0	1.07538488608,72,83,97,25,65
-22.0	1.17977314651,7,94
-21.0	0.9077913106,33,37,27,92,45
-20.0	1.03872732825,61,52,62,87
-19.0	0.56544153942,99,18,72,39,41,53,63,79
-18.0	0.636968815436,52,67,80,45
-17.0	1.24523569484,95,97,47,70,79
-16.0	0.335805030642,36,39,44,62,98
-15.0	0.932168581805,33,35,76,25,32
-14.0	1.02270053892,24,55,67,85,98,50,28
-13.0	0.66496436703,89,40,28,6,67,51,49
-12.0	0.918232443504,80,38,67,4,6,78
-11.0	1.71599505854,51,43,41,33,39,80,69
-10.0	0.35078618993,41,59,87,13
-9.0	1.02707500462,38,57,12,21,93
-8.0	0.70529871842,15,58,22,80
-7.0	0.491321374651,24,50,61,98,2,9,81
-6.0	0.763361647888,46,86,42,24
-5.0	0.768199767856,45,42,86,30
-4.0	1.04363945374,31,63
-3.0	1.2604192071,37,72
-1.0	6.0
