$2	
NodeId:99	1.28152987719,1.53226190476,83,1
NodeId:98	1.28721828776,1.37035714286,28,94,92,15,66,5,49,13
NodeId:97	1.08813515339,0.8725,89,37,62,50
NodeId:96	0.844664964896,1.05666666667,31,12,74,13,60,24
NodeId:95	1.4937681395,1.2975,76,88
NodeId:94	1.15354510346,1.01517857143,20,90,17,4
NodeId:93	0.995154180841,0.894761904764,43,75,66,15
NodeId:92	1.73490848214,1.75791666667,22,39,57,34
NodeId:91	0.850057606457,0.89375,24,12,95,81,66
NodeId:90	0.943702131846,0.89003968254,93,1,96,26,52
NodeId:89	0.523620535715,0.823928571431,35,58,40,32,57,38,16
NodeId:88	1.29131626112,1.12142857143,82,44,26,21,55,50
NodeId:87	0.550849530677,0.640384615385,8,19,27,20,30,54,47,63
NodeId:86	1.29511728861,1.4714957265,11,71,60,95
NodeId:85	0.728589096296,0.670741758242,64,54,57,90,69,32,99
NodeId:84	1.10080257937,1.22666666667,21,9
NodeId:83	1.50228876679,1.19996794872,27,29,1,10,4,70,18
NodeId:82	0.724787202381,0.504166666667,2,24,53,23,32,52
NodeId:81	0.646520909646,0.704523809526,96,5,21,78,26,93
NodeId:80	1.26614649235,1.38587301587,79,31
NodeId:79	1.0737530029,1.08663461538,0,90,43,26,74
NodeId:78	1.62947872732,1.95726190476,34,13,19,82
NodeId:77	0.664315352182,0.752083333332,37,79,86,87,41,0,83,85,32,44,5,69,40
NodeId:76	0.870233333333,0.745,9
NodeId:75	0.439613467262,0.46875,29,54,91,85,51,34,37,65
NodeId:74	0.48442232906,0.461666666667,84,35,54
NodeId:73	0.571980242675,0.7025,92,84,41,50,51
NodeId:72	2.04538087879,1.82267857143,10,51,92,95,93,49
NodeId:71	1.61949672238,1.44625,97,15,16,45,84
NodeId:70	1.24784447115,1.10017857143,99,20,63
NodeId:69	0.992905778498,1.06032509157,42,46,72,22,55,12,88
NodeId:68	0.930588392858,0.839444444447,6,28,40,85,81,19,1
NodeId:67	0.702251842404,0.84146825397,26,2,32,45,31,30
NodeId:66	1.12252804487,1.17,19,8,83,81,72,98
NodeId:65	1.0664859375,1.085,88,27
NodeId:64	1.13560941588,1.01517857143,39,3,31,78,33,28,27
NodeId:63	1.87466809753,1.92083333333,65,3,72,64
NodeId:62	1.06850269983,1.07892857143,33,11,91,22
NodeId:61	0.791587997939,0.97267857143,20,18,6,99,9
NodeId:60	0.612387286326,0.504166666665,53,14,56,65,49
NodeId:59	0.53470673077,0.575,69,92,10,24
NodeId:58	0.936863768424,0.959523809525,16,78,73,38,71
NodeId:57	0.875052974556,0.775357142856,94,96,98,86
NodeId:56	0.51441220238,0.626944444445,98,29,96,80,36
NodeId:55	0.75510551849,0.655952380952,62,58,51,25,22,19,10
NodeId:54	0.706119899322,0.87351190476,77,69,12
NodeId:53	0.609737847222,0.709583333335,2,13,65,78,95
NodeId:52	0.860301488094,1.05666666667,64,91,31,27
NodeId:51	0.950083641583,0.932202380952,38,61,71,45
NodeId:50	0.842256779828,0.917023809524,0,68,20,46
NodeId:49	1.17100509387,1.0080952381,2,29,39,31,84
NodeId:47	0.554436343865,0.5325,5,73,52,14,70
NodeId:46	0.852651330563,0.802678571428,78
NodeId:45	1.46759494175,1.65166666667,86,90,18,83,58,53
NodeId:44	0.676984237639,0.739551282051,17,38,37
NodeId:43	0.955706371011,0.823928571428,86,21,80,56,68,67,90,24,4
NodeId:42	0.557175140087,0.69642857143,99,45,36,70,89
NodeId:41	1.08321298731,1.10889652015,44,66,49,45
NodeId:40	0.771126556232,0.792170329672,73,7,72,71
NodeId:39	1.19329332483,1.22160714286,71,92,43,31,68
NodeId:38	1.27965790435,1.37035714286,98,30,41
NodeId:37	1.29913348024,1.41246794872,97,40,59,71
NodeId:36	0.824362847223,0.93625,99,77,75,61,34,12,20,30
NodeId:35	0.549649858277,0.724761904762,91,18,12,62,64,65,66,83
NodeId:34	1.08875669643,0.7875,78,77,7,0
NodeId:33	1.0395647534,0.945357142856,58,86,2,56
NodeId:32	1.04032995232,1.12407509158,27,91,71,69,47,2,3,6
NodeId:31	2.39057165061,2.12726190476,62,70,85,29,36,46,49,54
NodeId:30	0.950406234103,0.999999999999,84,95,80
NodeId:29	0.849493404686,0.82392857143,36,86,18,23,31
NodeId:28	0.936719210602,0.954464285715,25,72,21
NodeId:27	1.4371791356,1.41285714286,70,92,32,68
NodeId:26	0.863919220594,0.915,15,23,28,64
NodeId:25	0.844039455783,0.894761904761,63
NodeId:24	1.10462344649,1.36563492064,9,18,38,55,93,94,10
NodeId:23	0.555928968254,0.674166666666,92,99
NodeId:22	1.13352416928,1.03035714286,65,72,83,97,25
NodeId:21	1.44825694445,1.0
NodeId:20	1.20518305289,1.24083333333,7,94
NodeId:19	0.981292920373,0.853273809525,92,27,33,37,45
NodeId:18	1.14657256072,1.25702380952,87,61,62,52
NodeId:17	0.575264976343,0.645833333333,53,79,63,99,72,18,39,41
NodeId:16	0.659030017007,0.611428571428,45,52,67,80
NodeId:15	1.27053351648,1.27625,95,97,47,70,79
NodeId:14	0.326233333333,0.49,36,39,44,62,98
NodeId:13	1.06639950397,0.992916666665,33,35,76,25,32
NodeId:12	1.17436326013,1.24892857143,85,98,50,28,24,55,67
NodeId:11	0.691965163311,0.575,28,49,51,67,40,89,6
NodeId:10	0.921589149443,0.868452380952,6,78,80,38,67,4
NodeId:9	1.71266665795,1.83785714286,43,41,33,39,80,69,51
NodeId:8	0.383790865385,0.397916666667,13,87,41,59
NodeId:7	1.01303411172,1.0,12,21,38,57,93
NodeId:6	0.729573057846,0.810773809524,15,22,58,80
NodeId:5	0.535107665599,0.633301282052,81,98,2,9,61,50,24
NodeId:4	0.71228207036,0.72003968254,46,86,24,42
NodeId:3	0.800881745486,0.590178571428,45,86,42,30
NodeId:2	1.0298592122,1.21351190476,63,31
NodeId:1	1.37236771978,1.20035714286,37,72
NodeId:0	0.746113873626,0.810384615384,1,15,66,96
