0.0	0.242083333333
1.0	2.09208325499
2.0	2.70218287526
3.0	0.654551282051
4.0	1.78182014574
5.0	0.848727486307
6.0	0.801704761129
7.0	1.3867227167
8.0	0.680456043957
9.0	0.654551282051
10.0	0.186281639382
11.0	1.53379991078
12.0	6.83816808994
13.0	4.32254853754
14.0	0.738068578493
15.0	0.928689122279
16.0	6.79085183834
17.0	9.62089305686
18.0	1.40037802608
19.0	4.1484052461
20.0	1.99411560183
21.0	3.7809398111
22.0	5.79630933545
23.0	1.8424235746
24.0	2.90088172062
25.0	1.49346642379
26.0	2.84299008394
27.0	7.75038559157
28.0	2.79627306817
29.0	1.49380045301
30.0	3.00405130927
31.0	1.64062737233
32.0	3.33960253445
33.0	0.597509132915
34.0	0.515913357333
35.0	0.93850002381
36.0	2.50218097669
37.0	1.96248816737
38.0	1.7723212891
39.0	0.867678904205
40.0	0.471008901404
41.0	1.20130031593
42.0	0.742676776805
43.0	1.51514076936
44.0	0.604585995329
45.0	1.10612928217
46.0	0.729074778145
47.0	5.69743551214
48.0	3.12556332398
49.0	4.34173690139
50.0	0.814717865688
51.0	0.524950752325
52.0	1.27819862657
53.0	0.858459162399
54.0	0.704987357873
55.0	0.339640151515
56.0	0.415115067265
57.0	0.914321109992
58.0	1.90009786832
59.0	1.5046909533
60.0	2.19093881182
61.0	1.52556118884
62.0	0.470181794468
63.0	0.685988835816
64.0	0.907945267516
65.0	1.59401043941
66.0	1.16058889465
67.0	0.975368901292
68.0	1.02951405826
69.0	1.43697381029
70.0	0.407184957275
71.0	1.45063747246
72.0	0.655644163655
73.0	1.16538357057
74.0	0.802274514927
75.0	0.334805478175
76.0	5.32986294848
77.0	2.12093040587
78.0	5.29679680643
79.0	2.88325974588
80.0	4.11731504308
81.0	2.1157599037
82.0	1.77372852032
83.0	8.06657953448
84.0	4.76218900028
85.0	0.568075239877
86.0	2.35722959279
87.0	1.63512717429
88.0	2.72262588749
89.0	3.02019729262
90.0	1.57243826216
91.0	3.44591696166
92.0	0.935406666833
93.0	1.3820649844
94.0	0.538575325517
95.0	1.59135290435
96.0	0.642520932521
97.0	1.80173963304
98.0	2.01999548711
99.0	0.654042631743
100.0	1.82925813092
101.0	0.301267421603
102.0	0.38837760314
103.0	1.16762619932
104.0	0.848053375583
105.0	0.37829587996
106.0	1.1854898183
107.0	0.620381056847
108.0	1.14377026399
109.0	1.19490668543
110.0	1.47432662618
111.0	0.880211175133
112.0	1.34236497708
113.0	1.08177918042
114.0	0.588958978323
115.0	0.852113547118
116.0	0.309947417084
117.0	0.495896116406
118.0	1.6249103374
119.0	2.40407321129
120.0	2.80891264278
121.0	1.63550964986
122.0	0.610327959337
123.0	0.86304209868
124.0	0.500532334273
125.0	1.31887754324
126.0	0.770318946038
127.0	0.614241339356
128.0	0.920945207566
129.0	1.33900534675
130.0	2.06811391469
131.0	0.630490233926
132.0	0.578584449756
133.0	2.6643457058
134.0	1.74470423488
135.0	7.32895202543
136.0	0.723651940491
137.0	0.656963037495
138.0	2.17690968418
139.0	2.4598494347
140.0	1.37640555523
141.0	1.56195470335
142.0	0.355579678849
143.0	1.87821203236
144.0	1.55021836765
145.0	1.26456755129
146.0	0.685526099869
147.0	0.6917391182
148.0	1.76377465687
149.0	0.573378121878
150.0	0.291384078884
151.0	0.818008449832
152.0	1.23146971783
153.0	2.32504365148
154.0	2.49381935451
155.0	0.425389816473
156.0	1.20531741489
157.0	1.73090890296
158.0	0.940930439931
159.0	0.82017886735
160.0	1.23493016699
161.0	1.22178980265
162.0	0.354109606973
163.0	0.775641900792
164.0	1.53174196686
165.0	1.95055208891
166.0	2.3245553981
167.0	0.847517148782
168.0	0.714608071641
169.0	0.750105130899
170.0	0.899440135771
171.0	0.36362798733
172.0	0.404559473169
173.0	1.25584494451
174.0	0.322833606452
175.0	0.7226829923
176.0	1.11518539902
177.0	1.01354354533
178.0	7.24268642409
179.0	1.22984470624
180.0	1.73394550776
181.0	0.884864622874
182.0	2.09107166474
183.0	2.05037157551
184.0	1.29262375052
185.0	1.12267558556
186.0	2.22345159259
187.0	0.797094542054
188.0	1.04505635573
189.0	1.07721773541
190.0	0.564229762009
191.0	2.6496384889
192.0	1.3620564322
193.0	0.939670772864
194.0	1.10801432348
195.0	1.1804285076
196.0	1.36631697886
197.0	0.322444087357
198.0	0.76981755885
199.0	0.853606068793
200.0	1.95953786012
201.0	0.822882536489
202.0	0.5596198993
203.0	1.2836084269
204.0	0.690328167075
205.0	1.3891214792
206.0	0.608003866758
207.0	0.350104438197
208.0	0.463591606157
209.0	1.79393132328
210.0	6.86255802723
211.0	0.664983159535
212.0	1.75597836078
213.0	1.02254448337
214.0	0.976869005444
215.0	2.49977472181
216.0	0.813805248622
217.0	2.59914183555
218.0	1.30420957544
219.0	4.48296873647
220.0	2.87243571808
221.0	2.07928018129
222.0	5.76298592432
223.0	3.82675869481
224.0	2.27012952091
225.0	6.61544571752
226.0	2.11029470759
227.0	1.63192223874
228.0	1.34809516969
229.0	4.33497953228
230.0	0.636655638983
231.0	2.31947950222
232.0	4.30836588665
233.0	1.09896618026
234.0	2.59951327794
235.0	1.61047061919
236.0	3.01315603667
237.0	2.36501867391
238.0	1.67849034039
239.0	2.26016988402
240.0	2.4959443687
241.0	1.3690063625
242.0	1.79801101872
243.0	0.759124899069
244.0	2.87089531077
245.0	0.423216464168
246.0	1.7875205384
247.0	3.14552338456
248.0	0.906778214739
249.0	1.02388165164
250.0	1.89093033437
251.0	0.398885560319
252.0	2.0605688254
253.0	0.220631078834
254.0	2.36432169083
255.0	0.426196333242
256.0	0.865356897275
257.0	1.80697916381
258.0	1.30681013167
259.0	1.64499695092
260.0	0.87157574151
261.0	0.514097502115
262.0	1.19489619617
263.0	0.395845490138
264.0	0.55851158139
265.0	0.452091567852
266.0	0.548682476943
267.0	1.02375154056
268.0	2.59297122159
269.0	0.829956371376
270.0	2.01696430397
271.0	1.37574399885
272.0	6.35165000496
273.0	4.78994435158
274.0	1.6134035242
275.0	0.888731039729
276.0	1.77979006145
277.0	1.40040410158
278.0	1.8377468079
279.0	0.522802726014
280.0	5.24341332913
281.0	3.83690111649
282.0	0.425231681469
283.0	0.379468989621
284.0	0.536286637132
285.0	0.513216440699
286.0	2.21739582103
287.0	0.94956723778
288.0	1.25343786995
289.0	0.464307353303
290.0	0.843672743708
291.0	0.655636555291
292.0	1.9059059514
293.0	0.865342492255
294.0	0.466367318019
295.0	1.2186314308
296.0	0.438648880703
297.0	0.249041121198
298.0	0.478052333838
299.0	1.58683054111
300.0	0.579174928536
301.0	0.286434518259
302.0	0.372711864943
303.0	0.940803571429
304.0	0.534374183982
305.0	5.55737578262
306.0	0.814978099647
307.0	1.98997990443
308.0	1.39527665102
309.0	1.01923990605
310.0	3.34029428522
311.0	0.971359203286
312.0	0.294850339642
313.0	1.04524777078
314.0	0.800437101877
315.0	0.362220385053
316.0	1.29892031851
317.0	0.882322992071
318.0	1.76565524162
319.0	1.48277799349
320.0	0.585488874918
321.0	1.10363895358
322.0	0.780768601997
323.0	0.837628903933
324.0	0.623726940856
325.0	0.518930968787
326.0	0.353096050018
327.0	0.361300203634
328.0	0.723466666666
329.0	0.723466666666
330.0	0.723466666666
331.0	0.220833333333
332.0	0.155151515152
333.0	0.721638124575
334.0	1.87961140937
335.0	1.4506801332
336.0	1.65075268817
337.0	0.557253191582
338.0	0.600054980652
339.0	0.576166355381
340.0	0.894871735791
341.0	0.814115989544
342.0	5.30751443486
343.0	1.94218130042
344.0	0.776670614266
345.0	1.8687541436
346.0	1.06257138399
347.0	0.639251444203
348.0	2.81147717493
349.0	0.624410266235
350.0	0.867921722504
351.0	1.35266030336
352.0	0.84802155132
353.0	0.213072388577
354.0	0.203048261047
355.0	1.25606040969
356.0	0.576530582936
357.0	0.441063393697
358.0	0.975831398091
359.0	0.41253064821
360.0	0.754101858627
361.0	1.04562072256
362.0	1.13861887633
363.0	1.30818301531
364.0	1.64939782041
365.0	0.929725331269
366.0	0.890155931817
367.0	1.45646378726
368.0	2.01487371351
369.0	0.900644123963
370.0	1.72891579968
371.0	0.833325589385
372.0	0.691867246098
373.0	1.41836119568
374.0	0.817744779782
375.0	0.475029166666
376.0	1.46795994429
377.0	2.50002882379
378.0	0.906855065296
379.0	1.18111428986
380.0	0.493202453477
381.0	0.669247377135
382.0	0.767033901054
383.0	0.480265570017
384.0	0.376733480367
385.0	0.232615629984
386.0	0.581972185899
387.0	0.749275338803
388.0	0.664553765128
389.0	0.44244047619
390.0	1.06011426255
391.0	0.432168497162
392.0	0.693888389452
393.0	0.550017261413
394.0	1.2917179688
395.0	2.10066527652
396.0	0.839605739503
397.0	0.80803300134
398.0	1.48171553088
399.0	1.98164212867
400.0	0.528134566168
401.0	0.284730448459
402.0	1.43816241735
403.0	0.531336092047
404.0	2.02202445002
405.0	0.703439668409
406.0	0.37344542225
407.0	0.330000089238
408.0	0.192135862913
409.0	0.251029793639
410.0	0.802937784841
411.0	0.278503294735
412.0	0.500166889179
413.0	0.32945737712
414.0	0.940534304772
415.0	0.571918426603
416.0	0.423214285714
417.0	1.3503513216
418.0	1.34404761905
419.0	4.77543950011
420.0	0.402754508651
421.0	2.9457119876
422.0	2.58797639698
423.0	0.742837147738
424.0	2.2837151276
425.0	0.83859786825
426.0	1.487110665
427.0	1.48718400592
428.0	0.671531172412
429.0	0.409989449127
430.0	0.472499937733
431.0	0.682026503016
432.0	0.821117253489
433.0	0.334226883743
434.0	1.13421095666
435.0	0.354220779221
436.0	0.578484088502
437.0	0.766269176222
438.0	0.585991202167
439.0	0.321717171717
440.0	0.335515873016
441.0	1.32699561367
442.0	0.634198896863
443.0	0.365352244609
444.0	1.81635904352
445.0	1.1198490071
446.0	0.371878388031
447.0	0.682203568789
448.0	0.423214285714
449.0	2.28868606124
450.0	0.481989668121
451.0	2.20669496604
452.0	1.52813336225
453.0	2.33244785354
454.0	1.39481043698
455.0	1.84467030597
456.0	1.7335755579
457.0	0.729245100918
458.0	2.45461301505
459.0	0.519730770924
460.0	0.860957324628
461.0	1.29492519224
462.0	0.905974960886
463.0	0.644174483248
464.0	0.45512268523
465.0	0.616055674659
466.0	0.562732824054
467.0	0.683214411673
468.0	0.578492543346
469.0	0.774931019887
470.0	1.62232238322
471.0	0.878866983352
472.0	0.378461586866
473.0	0.494688779472
474.0	0.870792621076
475.0	0.724233159768
476.0	3.03825210031
477.0	1.35852777427
478.0	1.86800530401
479.0	0.687374100204
480.0	1.04884749252
481.0	0.782778484296
482.0	0.820507579559
483.0	0.519083181932
484.0	0.472244655221
485.0	0.415971429072
486.0	0.419628135887
487.0	0.445864979829
488.0	0.830668818767
489.0	0.396160064068
490.0	0.31554543987
491.0	1.01289956244
492.0	0.284830635513
493.0	1.32037738115
494.0	1.02694569538
495.0	0.389789609727
496.0	0.2896447813
497.0	0.877578156501
498.0	1.64790502849
499.0	1.36118765941
500.0	0.582442627177
501.0	0.707788777365
502.0	0.449214798021
503.0	0.432015317912
504.0	0.681742205979
505.0	1.9427622677
506.0	0.817742481565
507.0	0.517134915171
508.0	0.53002396692
509.0	0.557341604222
510.0	0.980348453538
511.0	0.800595426633
512.0	1.80396650489
513.0	1.66581676491
514.0	0.697479953172
515.0	0.537269943814
516.0	0.51572686276
517.0	0.329992386205
518.0	1.26380800352
519.0	0.248326554399
520.0	0.885193338072
521.0	0.724614763512
522.0	0.486220785744
523.0	0.473271208929
524.0	0.625554510218
525.0	0.933589065256
526.0	0.377800681417
527.0	0.534448309224
528.0	0.745099008481
529.0	0.61217619838
530.0	1.06663081504
531.0	0.450697066208
532.0	0.71612065354
533.0	0.910343116366
534.0	0.71612065354
535.0	0.71612065354
536.0	1.34543861865
537.0	0.91609746346
538.0	0.689839778583
539.0	0.777379220191
540.0	0.41463783119
541.0	1.30759222668
542.0	0.50922924737
543.0	1.22550917065
544.0	0.368638856186
545.0	0.481218560881
546.0	0.431670120815
547.0	1.4647614238
548.0	1.26968729675
549.0	1.36535750732
550.0	1.39872216236
551.0	0.527168974926
552.0	0.855042835177
553.0	0.367290120594
554.0	1.12476492875
555.0	0.564371376813
556.0	0.733922577295
557.0	0.364588686426
558.0	1.72091610615
559.0	0.714119022628
560.0	0.378774816045
561.0	0.474224784587
562.0	0.418449374127
563.0	0.457063491204
564.0	1.13549747372
565.0	0.303356684548
566.0	0.534331065759
567.0	0.761792817691
568.0	0.376220328659
569.0	0.454956392514
570.0	0.246351260462
571.0	0.465742573407
572.0	0.193282934338
573.0	1.50569230847
574.0	0.377468791098
575.0	1.32300187994
576.0	2.01131660293
577.0	2.90171673966
578.0	1.62169730293
579.0	1.28718453949
580.0	1.38587244035
581.0	1.28729950518
582.0	1.13611621937
583.0	0.687584163486
584.0	0.59243059352
585.0	1.18154765011
586.0	1.44909005567
587.0	1.79414952115
588.0	0.940807813104
589.0	0.745862292318
590.0	2.27278051242
591.0	1.09573914719
592.0	0.623026850485
593.0	0.653363998348
594.0	0.62334453802
595.0	0.524671284657
596.0	0.929526420968
597.0	0.773491160498
598.0	0.404270190695
599.0	0.758213040002
600.0	0.518367567293
601.0	0.843935218361
602.0	0.524108928146
603.0	0.827406493154
604.0	1.36995774241
605.0	0.471339908879
606.0	0.506542510822
607.0	0.56362316163
608.0	0.273538482635
609.0	0.276911477942
610.0	0.274746776052
611.0	0.531449859293
612.0	0.966775561348
613.0	0.449481342444
614.0	0.775343751082
615.0	0.607141278332
616.0	0.472881693761
617.0	0.743419074101
618.0	0.570301627902
619.0	1.44632695332
620.0	0.688160569106
621.0	0.329981211887
622.0	0.171077235772
623.0	0.336927897299
624.0	0.606990549066
625.0	1.59251100256
626.0	0.358267396548
627.0	0.266681207669
628.0	0.495240455284
629.0	0.234779220779
630.0	1.13682493621
631.0	0.628329620864
632.0	1.00435339907
633.0	0.2162581689
634.0	0.344915206063
635.0	0.600427969473
636.0	1.34476320619
637.0	0.338896788967
638.0	1.47997603317
639.0	0.864812349868
640.0	0.828563537656
641.0	0.262931209304
642.0	0.790357711682
643.0	0.330895570366
644.0	0.666753804307
645.0	0.197962627377
646.0	1.08037635007
647.0	0.239363324633
648.0	0.373952496373
649.0	0.353061945736
650.0	0.516748834938
651.0	0.374981124707
652.0	0.384930957483
653.0	0.780959747676
654.0	0.359095022112
655.0	0.78646646545
656.0	0.399963692828
657.0	0.80031828545
658.0	1.42337929688
659.0	1.1714266161
660.0	0.806805202264
661.0	0.26716160199
662.0	0.604865844775
663.0	0.343123140451
664.0	0.269559456004
665.0	0.228733304446
666.0	0.525143470207
667.0	0.387934602587
668.0	0.448852434383
669.0	0.603282389843
670.0	0.55039769447
671.0	0.774995383271
672.0	1.13948327953
673.0	0.313788450271
674.0	0.630093740848
675.0	0.509039231529
676.0	0.305409663006
677.0	0.176178483835
678.0	0.454149033516
679.0	0.358064741226
680.0	0.369761058067
681.0	0.17656744186
682.0	0.1568
683.0	0.164256140351
684.0	0.471499781057
685.0	0.399223258219
686.0	0.179310344828
687.0	0.39544585696
688.0	0.53670333297
689.0	1.35775405898
690.0	0.379721605395
691.0	1.16310751572
692.0	1.95605487554
693.0	1.48341262721
694.0	0.519585318956
695.0	0.663902076548
696.0	0.628123324784
697.0	0.742284163944
698.0	0.729504016418
699.0	0.321924600509
700.0	0.228098990745
701.0	0.580393849219
702.0	0.651635837496
703.0	0.994401969669
704.0	0.731859507373
705.0	1.01327106473
706.0	0.269995684672
707.0	0.309695675172
708.0	1.97000314146
709.0	0.23672556391
710.0	0.609213762874
711.0	0.879040738325
712.0	0.480589865837
713.0	0.316226880805
714.0	0.88187256208
715.0	0.422142017711
716.0	0.462142836695
717.0	0.410852427072
718.0	0.301470663436
719.0	0.19622816983
720.0	0.715619241159
721.0	0.556319229866
722.0	1.0832942583
723.0	0.763383865176
724.0	0.660305218677
725.0	0.223477080344
726.0	1.90401228401
727.0	0.329440057993
728.0	1.32241013581
729.0	0.436993469142
730.0	0.436993469142
731.0	1.26026411809
732.0	0.25625
733.0	0.800993048241
734.0	1.45498831586
735.0	0.302012014672
736.0	0.890093279234
737.0	0.611268592052
738.0	0.344791666667
739.0	1.02366691808
740.0	0.525917582619
741.0	0.338238816739
742.0	0.176774322169
743.0	0.892771088801
744.0	2.65812055278
745.0	0.293016485178
746.0	0.544606746097
747.0	1.34442049493
748.0	0.164980590062
749.0	1.08978517227
750.0	0.157391304348
751.0	0.594465618873
752.0	0.694549543779
753.0	0.305458843757
754.0	1.5709244529
755.0	0.828440988835
756.0	0.657424242424
757.0	0.778484848485
758.0	0.537651515152
759.0	0.89659206403
760.0	1.47026141719
761.0	0.834819106884
762.0	0.687438186813
763.0	0.504166666666
764.0	1.53125
765.0	0.199275362319
766.0	0.561835351722
767.0	1.03541666667
768.0	0.163782051282
769.0	0.584777257629
770.0	0.20525
771.0	0.383056125147
772.0	0.258681243355
773.0	0.362995337995
774.0	0.986897295929
775.0	0.232413809922
776.0	0.370047005102
777.0	0.357840986552
778.0	0.552751408655
779.0	0.504679678694
780.0	0.387003307113
781.0	0.692266649718
782.0	0.421849902656
783.0	1.02799258589
784.0	0.352232785836
785.0	0.729545454545
786.0	0.155151515152
787.0	0.155151515152
788.0	0.155151515152
789.0	0.163709677419
790.0	0.595845238095
791.0	0.796584154351
792.0	0.595845238095
793.0	0.167346938776
794.0	0.752875947735
795.0	0.561864225656
796.0	0.56216205578
797.0	0.215001566416
798.0	0.29309029786
799.0	1.04315150102
800.0	0.497569056584
801.0	0.204404145078
802.0	0.179007936508
803.0	0.187050374817
804.0	0.214054464657
805.0	0.323073568604
806.0	0.414973561954
807.0	0.414973561954
808.0	0.228186116484
809.0	0.393284766109
810.0	0.166346153846
811.0	0.221262915544
812.0	0.455970017636
813.0	0.451283300844
814.0	0.371986450869
815.0	0.348369898249
816.0	0.647354493076
817.0	0.797619047619
818.0	0.678695581546
819.0	0.443827160494
820.0	0.520747599376
821.0	0.276553727974
822.0	0.641935805926
823.0	0.461494908773
824.0	0.280578689098
825.0	0.271561468849
826.0	0.212476450621
827.0	0.384993680384
828.0	0.297991071428
829.0	0.525508595974
830.0	0.165454545455
831.0	0.32
832.0	0.27310503555
833.0	0.617798500297
834.0	0.424020979021
835.0	0.74757966911
836.0	0.360545110072
837.0	0.217426160338
838.0	0.486751623681
839.0	0.474938931339
840.0	0.606163953706
841.0	0.283669354839
842.0	0.227569495563
843.0	0.894761904762
844.0	0.894761904762
845.0	0.894761904762
846.0	0.341747307537
847.0	0.615478677229
848.0	0.289452571647
849.0	0.174837662338
850.0	0.287744529955
851.0	0.3625
852.0	0.383205435089
853.0	0.322837191006
854.0	0.223600832869
855.0	0.984169320411
856.0	0.450746156803
857.0	0.250380452094
858.0	0.467443485604
859.0	0.467443485604
860.0	0.467443485604
861.0	0.589674594918
862.0	0.243365079365
863.0	0.326316738817
864.0	0.492374750269
865.0	0.27610479798
866.0	0.597261904762
867.0	0.316104438197
868.0	0.434732260928
869.0	0.341507061943
870.0	0.597744795164
871.0	0.412589285714
872.0	0.71609195071
873.0	0.204590915825
874.0	0.300267857143
875.0	0.53945018797
876.0	0.157589285714
877.0	0.351200396825
878.0	0.222443181818
879.0	0.191629185407
880.0	0.324629994702
881.0	0.175739981785
882.0	0.232633045519
883.0	0.403381116138
884.0	0.178151709402
885.0	0.830022977179
886.0	0.577083845979
887.0	0.454903805497
888.0	0.215910299003
889.0	0.469357142857
890.0	0.469357142857
891.0	0.186766485178
892.0	0.229249734184
893.0	0.286868686869
894.0	0.9149549027
895.0	0.828344925003
896.0	0.729938186813
897.0	0.729938186813
898.0	0.729938186813
899.0	0.470384615385
900.0	0.556958689458
901.0	0.220833333333
902.0	0.174285714286
903.0	0.224135586636
904.0	0.433333333333
905.0	0.204461239259
906.0	0.557088122605
907.0	0.509865900383
908.0	0.212429098679
909.0	0.603333333333
910.0	0.603333333333
911.0	0.182407333511
912.0	0.535989160507
913.0	0.513819314155
914.0	1.31549988754
915.0	0.168525641026
916.0	0.46603992248
917.0	0.555330777695
918.0	0.471804681946
919.0	0.323402065771
920.0	0.388837766765
921.0	0.205880065903
922.0	0.158585858586
923.0	0.309324774842
924.0	0.187896203413
925.0	0.158585858586
926.0	0.266812865497
927.0	0.280026057816
928.0	0.728327696163
929.0	0.177786309785
930.0	0.32
931.0	0.708890977444
932.0	0.174099310777
933.0	0.195008127202
934.0	0.368890977444
935.0	0.34194235589
936.0	0.657893934082
937.0	0.418648373984
938.0	0.580897770119
939.0	0.575034892924
940.0	0.690567402082
941.0	1.0076081976
942.0	0.554274864263
943.0	0.554274864263
944.0	0.157456140351
945.0	1.16385220126
946.0	0.663248746867
947.0	0.555306776557
948.0	0.219689428865
949.0	0.26179138322
950.0	0.220833333333
951.0	0.543268867283
952.0	0.34742637644
953.0	0.545900402414
954.0	0.545900402414
955.0	0.320700984305
956.0	0.263340988152
957.0	0.19167991116
958.0	0.463246351549
959.0	0.32
960.0	0.346717836257
961.0	0.155214723926
962.0	0.480037262873
963.0	0.550416666666
964.0	0.68125
965.0	0.68125
966.0	0.65356060606
967.0	0.65356060606
968.0	0.167610993657
969.0	0.177419354839
970.0	0.669444444444
971.0	0.669444444444
972.0	0.217972524019
973.0	0.209702380952
974.0	0.512185534591
975.0	0.639685534591
976.0	0.348333333334
977.0	0.221249417249
978.0	0.49034463423
979.0	0.554761904762
980.0	0.217252747253
981.0	0.262322997416
982.0	0.412145273057
983.0	0.227272727273
984.0	0.220833333333
985.0	0.222973901099
986.0	0.271428571428
987.0	0.174056603774
988.0	0.244444444444
989.0	0.220833333333
990.0	0.1765625
991.0	0.185416666667
992.0	0.16049382716
993.0	0.227371794872
994.0	0.206666666667
995.0	0.180797101449
996.0	0.297607916001
997.0	0.1765625
998.0	0.235
999.0	0.357051282052
