$8	
NodeId:99	1.19722687893,1.20242768229,83,1
NodeId:98	1.14264859458,1.14854011639,28,13,94,92,15,66,5,49
NodeId:97	1.09047817898,1.09617626573,50,37,89,62
NodeId:96	0.82406685998,0.827856466116,31,12,60,74,13,24
NodeId:95	1.41535608787,1.42333067774,88,76
NodeId:94	1.0730440701,1.07891841747,90,20,17,4
NodeId:93	0.97350991329,0.978694637072,75,66,15,43
NodeId:92	1.64039478616,1.6487982734,39,22,57,34
NodeId:91	0.757407385403,0.75965536218,81,12,95,66,24
NodeId:90	0.929128122982,0.933951401635,1,93,52,26,96
NodeId:89	0.562828858331,0.565282861526,35,57,40,16,32,38,58
NodeId:88	1.29430482968,1.30094862206,82,21,50,44,26,55
NodeId:87	0.485775715914,0.487480967589,63,54,30,47,8,27,20,19
NodeId:86	1.35577973162,1.36337476322,11,60,71,95
NodeId:85	0.705079269457,0.708150965669,32,64,57,99,69,90,54
NodeId:84	1.07960309687,1.0848150247,21,9
NodeId:83	1.29340798147,1.30079258773,4,10,27,1,70,18,29
NodeId:82	0.690096720661,0.69354138834,2,32,52,23,53,24
NodeId:81	0.595000807095,0.5975933598,93,21,26,5,78,96
NodeId:80	1.20336020832,1.20973984288,79,31
NodeId:79	0.976359103835,0.97986870293,0,43,26,90,74
NodeId:78	1.66518208758,1.67433254527,13,19,82,34
NodeId:77	0.640719980566,0.643399182015,69,32,83,40,5,79,86,87,41,0,44,85,37
NodeId:76	0.912566843212,0.915864818047,9
NodeId:75	0.441528381214,0.443135032107,85,54,37,34,91,29,65,51
NodeId:74	0.433857345531,0.435321975066,84,54,35
NodeId:73	0.5456606711,0.547844932585,41,50,92,84,51
NodeId:72	1.96681261416,1.97725531748,93,49,92,51,10,95
NodeId:71	1.53672339797,1.54380590347,45,97,84,15,16
NodeId:70	1.22798626667,1.23458082842,20,99,63
NodeId:69	0.896519406202,0.900405390437,72,46,12,88,22,55,42
NodeId:68	0.904181567641,0.908165396432,40,6,1,19,85,81,28
NodeId:67	0.705851928393,0.708883305096,31,32,26,30,45,2
NodeId:66	1.02771908643,1.03231165283,19,72,8,81,83,98
NodeId:65	1.00705583126,1.01189259146,88,27
NodeId:64	1.02657465326,1.03098358765,27,33,3,28,78,31,39
NodeId:63	1.75982762252,1.76766877231,64,3,65,72
NodeId:62	1.02931568197,1.03440832009,11,22,91,33
NodeId:61	0.713731242003,0.716551685845,6,20,18,99,9
NodeId:60	0.556996803217,0.558891711785,65,49,56,14,53
NodeId:59	0.510270467539,0.512251043828,24,92,69,10
NodeId:58	0.877661369705,0.881920653745,73,78,71,38,16
NodeId:57	0.828669457504,0.832767826672,96,94,98,86
NodeId:56	0.549476726941,0.551441078855,36,29,96,98,80
NodeId:55	0.693422317869,0.696640098174,51,58,22,19,10,62,25
NodeId:54	0.690372522844,0.693288596481,12,69,77
NodeId:53	0.612294961767,0.61454399259,95,78,65,2,13
NodeId:52	0.84957884783,0.853162151248,31,27,91,64
NodeId:51	0.942530855207,0.947291838016,61,71,45,38
NodeId:50	0.843197118837,0.847351371028,68,20,46,0
NodeId:49	1.16510753864,1.17112667019,84,2,39,31,29
NodeId:47	0.518081443767,0.519977696585,5,70,73,14,52
NodeId:46	0.832594646848,0.836400171444,78
NodeId:45	1.46881473917,1.47673840509,53,90,58,83,18,86
NodeId:44	0.638592577668,0.641407330005,37,38,17
NodeId:43	0.928142807148,0.93267436518,86,68,67,90,24,4,80,56,21
NodeId:42	0.582022575092,0.58525994923,70,45,36,99,89
NodeId:41	0.962452017311,0.966548674396,66,44,45,49
NodeId:40	0.737485432856,0.74041388962,71,73,72,7
NodeId:39	1.14852434657,1.15516935386,68,71,92,43,31
NodeId:38	1.18082812734,1.18602284696,98,30,41
NodeId:37	1.3404068609,1.3463581048,40,97,71,59
NodeId:36	0.78262506503,0.786407254926,61,75,77,99,30,20,12,34
NodeId:35	0.499634021769,0.501206286907,62,64,65,66,83,91,18,12
NodeId:34	0.986804166964,0.991682074012,78,7,0,77
NodeId:33	1.01335001702,1.01825517021,58,86,56,2
NodeId:32	0.992682494117,0.997293130336,27,91,71,69,47,2,3,6
NodeId:31	2.17557516129,2.18506904933,70,36,54,49,46,29,62,85
NodeId:30	0.883469246248,0.887963627784,95,80,84
NodeId:29	0.880036586643,0.884651660305,31,23,18,86,36
NodeId:28	0.891789793726,0.89551601853,25,72,21
NodeId:27	1.35573515878,1.36308093588,70,92,32,68
NodeId:26	0.844734666761,0.848965430124,64,15,23,28
NodeId:25	0.827578737934,0.831795061389,63
NodeId:24	1.03547095615,1.0401124734,9,18,93,10,38,55,94
NodeId:23	0.579047632835,0.580584475148,92,99
NodeId:22	1.0629523897,1.06826989563,65,25,97,83,72
NodeId:21	1.39549052441,1.0
NodeId:20	1.16629464168,1.17117446539,94,7
NodeId:19	0.898703908124,0.902837367625,33,37,27,92,45
NodeId:18	1.02874216833,1.03311970631,62,87,61,52
NodeId:17	0.561002240547,0.563078274767,79,72,99,18,39,41,53,63
NodeId:16	0.631015005055,0.633511844052,67,80,45,52
NodeId:15	1.23162910746,1.23720115213,97,47,70,79,95
NodeId:14	0.333407799423,0.334303067719,62,98,36,39,44
NodeId:13	0.923749568278,0.92736061866,33,35,76,25,32
NodeId:12	1.01266529965,1.01695136151,50,28,24,55,67,85,98
NodeId:11	0.659528905204,0.662094674655,28,67,51,49,6,89,40
NodeId:10	0.907809286134,0.912427678098,6,78,80,38,67,4
NodeId:9	1.6969826572,1.70646598801,39,80,69,51,43,41,33
NodeId:8	0.348039003624,0.349032330676,87,13,59,41
NodeId:7	1.01581954006,1.02157984683,57,38,12,93,21
NodeId:6	0.697711206626,0.700442524224,58,22,15,80
NodeId:5	0.487156063146,0.488666030571,50,9,98,81,61,24,2
NodeId:4	0.754570049363,0.75780684116,46,86,24,42
NodeId:3	0.756782873428,0.760723205072,86,42,45,30
NodeId:2	1.03392048101,1.03854588106,63,31
NodeId:1	1.24796203144,1.2543611056,37,72
NodeId:0	0.749440694624,0.752601956816,1,15,66,96
