$4	
NodeId:99	1.22896614934,1.20629746784,83,1
NodeId:98	1.17035085482,1.2080316565,28,15,66,5,49,13,94,92
NodeId:97	1.11730174368,1.11007011393,89,50,37,62
NodeId:96	0.845709381537,0.833967854256,24,74,60,31,13,12
NodeId:95	1.4539164961,1.44841240625,76,88
NodeId:94	1.10212969859,1.11905134472,20,90,4,17
NodeId:93	1.01095572813,0.998130761844,15,43,66,75
NodeId:92	1.68941807181,1.69874109529,22,34,57,39
NodeId:91	0.783938404184,0.775515175705,95,24,12,81,66
NodeId:90	0.957048247735,0.964308318775,96,93,26,52,1
NodeId:89	0.565753477115,0.559972835169,40,57,38,16,32,58,35
NodeId:88	1.32449638843,1.35867511297,55,21,26,50,44,82
NodeId:87	0.499854219254,0.518638231844,27,63,20,54,30,19,8,47
NodeId:86	1.40251107441,1.36442390133,11,95,71,60
NodeId:85	0.716971832347,0.749744444722,90,69,32,57,64,99,54
NodeId:84	1.1116650127,1.12815670958,21,9
NodeId:83	1.32312874679,1.35611969759,18,70,27,4,10,1,29
NodeId:82	0.709908699107,0.679200699882,32,52,53,23,2,24
NodeId:81	0.611525202526,0.63151197798,96,93,26,21,5,78
NodeId:80	1.23221020438,1.23059627985,79,31
NodeId:79	0.995131300115,1.00866086458,26,43,74,0,90
NodeId:78	1.70115366671,1.72908105774,19,13,82,34
NodeId:77	0.654091761539,0.669016655316,5,40,32,69,44,79,86,87,41,0,83,85,37
NodeId:76	0.925018788705,0.966139374962,9
NodeId:75	0.445619710245,0.449058815946,65,37,34,91,51,54,85,29
NodeId:74	0.439617792998,0.452198880519,54,35,84
NodeId:73	0.547258442413,0.56738541229,50,92,51,41,84
NodeId:72	2.02492560587,2.09430437029,49,92,10,51,95,93
NodeId:71	1.56265793,1.5396972187,97,84,16,45,15
NodeId:70	1.26381986068,1.29678423309,20,63,99
NodeId:69	0.916153116121,0.914101745053,88,55,42,46,22,12,72
NodeId:68	0.931950476724,0.92750115451,28,19,6,85,81,40,1
NodeId:67	0.721214505752,0.737489092992,26,2,32,45,31,30
NodeId:66	1.05924953109,1.08987925499,83,19,98,72,81,8
NodeId:65	1.02037563677,1.05393658054,88,27
NodeId:64	1.04905534013,1.06163570188,78,3,33,31,39,27,28
NodeId:63	1.83061658969,1.77832930246,64,3,65,72
NodeId:62	1.05335216306,1.08442497562,91,33,22,11
NodeId:61	0.729756175441,0.7481053549,18,20,6,99,9
NodeId:60	0.558085525052,0.544873293855,49,14,56,65,53
NodeId:59	0.528423081635,0.507621423444,24,92,69,10
NodeId:58	0.904390997737,0.889124946315,73,78,38,16,71
NodeId:57	0.849782339095,0.842937878192,96,94,98,86
NodeId:56	0.560400461614,0.565274506035,36,29,96,98,80
NodeId:55	0.712445752536,0.730237700661,51,22,62,19,10,58,25
NodeId:54	0.707006551308,0.734959457763,77,12,69
NodeId:53	0.617769241439,0.62581521283,95,78,65,2,13
NodeId:52	0.866852315655,0.89105227564,31,27,91,64
NodeId:51	0.964099361594,0.967390254568,61,71,45,38
NodeId:50	0.865352784274,0.868980444084,68,20,46,0
NodeId:49	1.19523027646,1.24884041185,84,2,31,29,39
NodeId:47	0.531026242337,0.53505351787,70,73,5,14,52
NodeId:46	0.850335096234,0.854904873789,78
NodeId:45	1.49898257339,1.52864647393,86,18,90,53,58,83
NodeId:44	0.658769457927,0.662014900593,37,38,17
NodeId:43	0.939568552539,0.954834804747,86,68,67,90,24,4,80,56,21
NodeId:42	0.599970884553,0.592114441115,99,70,36,45,89
NodeId:41	0.977009384033,1.00388651286,66,44,45,49
NodeId:40	0.753887521938,0.73010872236,72,73,7,71
NodeId:39	1.17914427367,1.18018258349,68,71,92,43,31
NodeId:38	1.20938652607,1.20346141766,41,98,30
NodeId:37	1.37740913939,1.41326193282,40,71,59,97
NodeId:36	0.797342961855,0.786041631559,61,75,77,99,30,20,12,34
NodeId:35	0.505563233609,0.532123402531,62,64,65,66,83,91,18,12
NodeId:34	1.00964163007,0.999229765424,78,7,0,77
NodeId:33	1.03030550385,1.07102663053,2,58,56,86
NodeId:32	1.01940398216,1.03434237721,27,91,71,69,47,2,3,6
NodeId:31	2.22996901078,2.2120030774,54,46,49,70,85,36,29,62
NodeId:30	0.903400051659,0.928359103308,80,95,84
NodeId:29	0.905809039773,0.91964888796,31,23,18,86,36
NodeId:28	0.911194248971,0.947870819931,72,25,21
NodeId:27	1.40200682359,1.44226941408,70,92,32,68
NodeId:26	0.871825553896,0.866979983104,64,15,23,28
NodeId:25	0.855891638976,0.881082185177,63
NodeId:24	1.05443326668,1.07967374004,18,55,94,93,38,10,9
NodeId:23	0.586793656513,0.580674900176,99,92
NodeId:22	1.09466374597,1.1130176656,25,97,83,72,65
NodeId:21	1.44991477251,1.0
NodeId:20	1.20567910032,1.20835010849,94,7
NodeId:19	0.928231459012,0.918508202065,45,92,27,33,37
NodeId:18	1.06475193256,1.07296894894,62,87,61,52
NodeId:17	0.575369299254,0.586940535149,39,53,41,63,79,99,72,18
NodeId:16	0.630896469466,0.64816377706,67,80,45,52
NodeId:15	1.25710089537,1.27071795662,47,70,79,95,97
NodeId:14	0.333587557993,0.348360017132,39,44,62,98,36
NodeId:13	0.948422041384,0.93790303558,33,35,76,25,32
NodeId:12	1.03903740091,1.05300974713,28,24,55,67,85,98,50
NodeId:11	0.670380386351,0.652269247544,89,67,28,49,6,51,40
NodeId:10	0.939009309828,0.961632481734,80,38,67,4,6,78
NodeId:9	1.77162914183,1.69121959568,41,33,39,80,69,51,43
NodeId:8	0.359504873257,0.367552568991,87,13,59,41
NodeId:7	1.03103322476,1.05742798867,12,38,21,93,57
NodeId:6	0.715137319264,0.722687840316,22,15,58,80
NodeId:5	0.502520055115,0.516047587528,61,98,24,81,9,2,50
NodeId:4	0.778880199234,0.798368733412,46,86,24,42
NodeId:3	0.766706761008,0.796797457228,86,42,45,30
NodeId:2	1.06954413476,1.05131009159,63,31
NodeId:1	1.2709974611,1.30904955632,72,37
NodeId:0	0.762210413193,0.786314377992,1,15,66,96
