0.0	0.746749550383
1.0	1.24287951159
2.0	1.02988187545
3.0	0.754091378396
4.0	0.751342795682
5.0	0.485665269118
6.0	0.695292270522
7.0	1.01208676268
8.0	0.34720720706
9.0	1.69073786781
10.0	0.904057985239
11.0	0.656832775388
12.0	1.00890002936
13.0	0.920048843719
14.0	0.332763301987
15.0	1.22654614311
16.0	0.628788914731
17.0	0.558956428569
18.0	1.02450766422
19.0	0.895053158197
20.0	1.16123258899
21.0	1.38950397653
22.0	1.05864145809
23.0	0.57687603851
24.0	1.03182346989
25.0	0.824614389201
26.0	0.841580150291
27.0	1.35011225972
28.0	0.888413652988
29.0	0.876603260003
30.0	0.880147602848
31.0	2.16569742697
32.0	0.988744041956
33.0	1.00926434682
34.0	0.982501389333
35.0	0.498307178734
36.0	0.779795287864
37.0	1.33463032445
38.0	1.17579970379
39.0	1.143655661
40.0	0.734952320511
41.0	0.95885046913
42.0	0.580025566846
43.0	0.924163222947
44.0	0.63645345995
45.0	1.46267807925
46.0	0.829543454882
47.0	0.516463133084
49.0	1.16048922407
50.0	0.839969943474
51.0	0.93865560563
52.0	0.846487727784
53.0	0.610141734747
54.0	0.688223937541
55.0	0.690925181257
56.0	0.54768426695
57.0	0.825233486529
58.0	0.874227383755
59.0	0.508794746211
60.0	0.554845998133
61.0	0.711204095471
62.0	1.02545590686
63.0	1.75200773177
64.0	1.02270787488
65.0	1.0034433814
66.0	1.02389984137
67.0	0.703407089343
68.0	0.900180179696
69.0	0.893082715227
70.0	1.22269989707
71.0	1.52986719889
72.0	1.95850166482
73.0	0.543991932772
74.0	0.432723852816
75.0	0.440024769734
76.0	0.908563763952
77.0	0.638455346778
78.0	1.6582475018
79.0	0.972304754361
80.0	1.19840807712
81.0	0.593300933644
82.0	0.687211044482
83.0	1.2881782994
84.0	1.07531610765
85.0	0.702720457632
86.0	1.34983110349
87.0	0.484459228538
88.0	1.28838813638
89.0	0.560756103573
90.0	0.925359700817
91.0	0.754736107901
92.0	1.63345075711
93.0	0.969300429689
94.0	1.06890965457
95.0	1.4092776137
96.0	0.821003012819
97.0	1.08615829011
98.0	1.13846530134
99.0	1.19268000474
-2.0	0.749440694624,96,66,15,1
-101.0	1.19722687893,1,83
-100.0	1.14264859458,28,94,92,15,66,5,49,13
-99.0	1.09047817898,89,62,37,50
-98.0	0.824066859978,74,13,31,60,12,24
-97.0	1.41535608787,76,88
-96.0	1.0730440701,20,4,17,90
-95.0	0.973509913292,66,43,15,75
-94.0	1.64039478616,39,22,57,34
-93.0	0.757407385405,95,66,81,12,24
-92.0	0.92912812298,96,26,52,93,1
-91.0	0.562828858331,35,57,40,16,32,58,38
-90.0	1.29430482968,26,55,82,21,50,44
-89.0	0.485775715914,27,47,20,30,19,54,63,8
-88.0	1.35577973162,11,60,71,95
-87.0	0.705079269454,90,64,57,99,69,54,32
-86.0	1.07960309687,21,9
-85.0	1.29340798147,70,1,4,10,29,27,18
-84.0	0.69009672066,24,53,2,23,52,32
-83.0	0.595000807095,26,96,5,21,78,93
-82.0	1.20336020832,79,31
-81.0	0.976359103835,74,90,26,43,0
-80.0	1.66518208758,34,82,13,19
-79.0	0.640719980566,83,32,87,41,69,0,44,86,85,37,5,40,79
-78.0	0.912566843212,9
-77.0	0.441528381214,65,29,34,91,37,51,85,54
-76.0	0.433857345531,84,54,35
-75.0	0.5456606711,84,51,41,50,92
-74.0	1.96681261416,10,92,49,93,95,51
-73.0	1.53672339797,16,45,97,84,15
-72.0	1.22798626667,99,63,20
-71.0	0.896519406202,12,22,42,46,72,55,88
-70.0	0.904181567639,1,19,85,81,40,28,6
-69.0	0.705851928396,45,2,31,32,26,30
-68.0	1.02771908643,98,19,72,8,81,83
-67.0	1.00705583126,27,88
-66.0	1.02657465326,28,78,3,31,39,27,33
-65.0	1.75982762252,72,65,3,64
-64.0	1.02931568197,33,22,11,91
-63.0	0.713731242005,20,6,18,99,9
-62.0	0.556996803215,49,14,53,56,65
-61.0	0.51027046754,24,92,69,10
-60.0	0.877661369705,73,78,16,71,38
-59.0	0.828669457504,98,86,94,96
-58.0	0.54947672694,36,96,98,80,29
-57.0	0.693422317869,19,62,58,25,51,22,10
-56.0	0.690372522843,69,77,12
-55.0	0.612294961765,78,13,65,95,2
-54.0	0.849578847832,31,27,64,91
-53.0	0.942530855208,45,38,61,71
-52.0	0.843197118836,20,46,0,68
-51.0	1.16510753864,84,2,29,39,31
-49.0	0.518081443765,73,5,70,14,52
-48.0	0.832594646848,78
-47.0	1.46881473917,90,86,53,58,83,18
-46.0	0.638592577668,37,38,17
-45.0	0.928142807148,21,24,90,67,68,86,80,4,56
-44.0	0.58202257509,45,99,89,70,36
-43.0	0.962452017312,66,44,45,49
-42.0	0.737485432856,7,73,71,72
-41.0	1.14852434657,71,68,31,43,92
-40.0	1.18082812734,30,41,98
-39.0	1.3404068609,40,59,97,71
-38.0	0.78262506503,75,61,34,12,20,30,99,77
-37.0	0.499634021769,65,66,83,91,18,12,62,64
-36.0	0.986804166964,78,7,0,77
-35.0	1.01335001702,86,2,56,58
-34.0	0.99268249412,3,6,27,91,71,69,47,2
-33.0	2.17557516129,49,46,29,62,85,36,70,54
-32.0	0.883469246247,84,80,95
-31.0	0.880036586645,36,86,18,23,31
-30.0	0.891789793725,21,72,25
-29.0	1.35573515878,68,70,92,32
-28.0	0.84473466676,64,15,23,28
-27.0	0.827578737934,63
-26.0	1.03547095615,93,38,94,55,10,9,18
-25.0	0.579047632836,99,92
-24.0	1.0629523897,72,83,97,25,65
-22.0	1.16629464168,7,94
-21.0	0.898703908125,33,37,27,92,45
-20.0	1.02874216833,61,52,62,87
-19.0	0.561002240547,63,99,79,72,18,39,41,53
-18.0	0.631015005056,80,45,52,67
-17.0	1.23162910746,47,70,79,95,97
-16.0	0.333407799423,39,44,62,98,36
-15.0	0.92374956828,33,35,76,25,32
-14.0	1.01266529965,85,98,50,28,24,55,67
-13.0	0.659528905204,51,6,89,40,49,28,67
-12.0	0.907809286134,67,4,6,78,80,38
-11.0	1.6969826572,43,41,33,39,80,69,51
-10.0	0.348039003624,59,41,13,87
-9.0	1.01581954006,12,21,57,93,38
-8.0	0.697711206624,58,22,80,15
-7.0	0.487156063146,98,9,61,50,2,24,81
-6.0	0.754570049364,46,86,42,24
-5.0	0.756782873428,45,42,86,30
-4.0	1.03392048101,31,63
-3.0	1.24796203144,37,72
-1.0	8.0
