0.0	0.742332421857
1.0	1.23496672909
2.0	1.02367289048
3.0	0.749485501792
4.0	0.746884769379
5.0	0.483561998235
6.0	0.691343212355
7.0	1.00556837447
8.0	0.345932718763
9.0	1.67933162113
10.0	0.898670117197
11.0	0.652994490579
12.0	1.00332765771
13.0	0.914730920774
14.0	0.331592055448
15.0	1.21868506788
16.0	0.625152180063
17.0	0.556143560833
18.0	1.01837431686
19.0	0.889668565995
20.0	1.15393691875
21.0	1.38055095826
22.0	1.05211937348
23.0	0.573801439046
24.0	1.02584973971
25.0	0.819829687589
26.0	0.83654644105
27.0	1.34168456332
28.0	0.883169500401
29.0	0.871194475661
30.0	0.875034177706
31.0	2.151185575
32.0	0.982810249974
33.0	1.00306983901
34.0	0.976270661267
35.0	0.496102359834
36.0	0.775400244871
37.0	1.32608288989
38.0	1.16866774635
39.0	1.13646490501
40.0	0.730592306468
41.0	0.953322395197
42.0	0.576986613832
43.0	0.918349237864
44.0	0.633082137581
45.0	1.45326822016
46.0	0.824471922915
47.0	0.513839298525
49.0	1.15291452939
50.0	0.835066124779
51.0	0.932980592228
52.0	0.841563588923
53.0	0.606783309747
54.0	0.684570540337
55.0	0.687054195706
56.0	0.544785751046
57.0	0.820271362337
58.0	0.869076606141
59.0	0.506265601258
60.0	0.551768358897
61.0	0.707266029301
62.0	1.01914131962
63.0	1.74073144991
64.0	1.01643143757
65.0	0.997262064648
66.0	1.01790540343
67.0	0.699494477168
68.0	0.894627837696
69.0	0.888188416851
70.0	1.21476782898
71.0	1.51954585026
72.0	1.94531258338
73.0	0.541357218791
74.0	0.430681262696
75.0	0.437909510833
76.0	0.902705732308
77.0	0.635099011232
78.0	1.64756016642
79.0	0.966312371879
80.0	1.19108747913
81.0	0.590292946354
82.0	0.683045516461
83.0	1.28008209783
84.0	1.06880679637
85.0	0.698594197846
86.0	1.3410375387
87.0	0.482265349936
88.0	1.2799346308
89.0	0.557785517437
90.0	0.919590528305
91.0	0.750638024142
92.0	1.62290091876
93.0	0.963363511075
94.0	1.0621065111
95.0	1.39995737869
96.0	0.816398104891
97.0	1.07889743195
98.0	1.13171274027
99.0	1.18539391076
-2.0	0.744312123752,96,66,15,1
-101.0	1.18868570762,1,83
-100.0	1.13471685864,28,15,66,5,49,13,94,92
-99.0	1.08216825996,37,89,62,50
-98.0	0.818514835464,74,24,31,12,13,60
-97.0	1.40421074373,88,76
-96.0	1.06514075439,4,90,20,17
-95.0	0.966164116824,75,43,15,66
-94.0	1.62766552374,34,39,22,57
-93.0	0.752539846345,81,12,66,95,24
-92.0	0.922260261185,96,26,52,93,1
-91.0	0.559171248594,38,32,58,57,40,35,16
-90.0	1.28385218119,44,50,21,55,82,26
-89.0	0.483234567436,54,27,47,20,30,8,63,19
-88.0	1.34499807313,11,71,95,60
-87.0	0.700420023219,69,99,90,64,32,54,57
-86.0	1.07181946625,21,9
-85.0	1.28381355034,27,29,4,70,18,10,1
-84.0	0.684899246784,53,32,52,24,2,23
-83.0	0.591638848941,78,93,5,21,96,26
-82.0	1.19450957875,31,79
-81.0	0.96897055493,43,74,90,0,26
-80.0	1.6525480351,19,34,82,13
-79.0	0.636631576872,83,0,44,86,40,37,5,79,41,69,87,32,85
-78.0	0.905351289255,9
-77.0	0.438829590644,51,65,34,37,29,91,85,54
-76.0	0.43160056839,54,35,84
-75.0	0.54259475597,92,50,84,41,51
-74.0	1.95127640943,92,93,49,10,95,51
-73.0	1.52418390981,97,45,16,15,84
-72.0	1.21834178076,20,99,63
-71.0	0.890549102856,55,12,42,88,22,46,72
-70.0	0.897096012715,81,40,85,19,1,6,28
-69.0	0.70124216265,26,2,45,32,31,30
-68.0	1.02062855981,98,72,83,19,81,8
-67.0	1.00001637499,88,27
-66.0	1.01929154612,28,39,27,31,33,78,3
-65.0	1.74591657896,72,65,3,64
-64.0	1.02203482371,11,91,22,33
-63.0	0.708999084,20,6,18,99,9
-62.0	0.55314786964,53,14,49,65,56
-61.0	0.507390475444,24,92,69,10
-60.0	0.87142087938,73,78,71,38,16
-59.0	0.822585189404,86,98,96,94
-58.0	0.54607457555,36,80,29,96,98
-57.0	0.688769550125,10,58,22,51,25,62,19
-56.0	0.686267209347,12,69,77
-55.0	0.60828056608,2,95,65,13,78
-54.0	0.84379030276,31,27,64,91
-53.0	0.935645870128,45,38,61,71
-52.0	0.837291846972,0,68,20,46
-51.0	1.15635950236,84,2,39,31,29
-49.0	0.51504069182,5,70,73,14,52
-48.0	0.826705066964,78
-47.0	1.4575722479,18,83,86,90,53,58
-46.0	0.634592295972,37,38,17
-45.0	0.920993495868,4,24,90,67,68,56,80,21,86
-44.0	0.57835052027,70,45,89,99,36
-43.0	0.955841571252,66,44,45,49
-42.0	0.732511772644,71,73,72,7
-41.0	1.13984017604,71,68,31,43,92
-40.0	1.17192574514,98,30,41
-39.0	1.33001773536,40,97,71,59
-38.0	0.777408338899,75,61,34,12,20,30,99,77
-37.0	0.49710520764,18,12,62,64,65,66,83,91
-36.0	0.97909176114,78,7,0,77
-35.0	1.00596656072,58,86,56,2
-34.0	0.9854787054,71,69,47,2,3,6,27,91
-33.0	2.1577731107,85,62,46,49,29,70,54,36
-32.0	0.877364047341,84,95,80
-31.0	0.873669127515,36,86,18,23,31
-30.0	0.88555882455,21,25,72
-29.0	1.34563657051,92,32,68,70
-28.0	0.838824913288,64,15,23,28
-27.0	0.821992610711,63
-26.0	1.02851303538,18,93,94,38,9,55,10
-25.0	0.575213234106,92,99
-24.0	1.05511108958,83,97,25,65,72
-22.0	1.15730029069,7,94
-21.0	0.892109515665,92,45,27,37,33
-20.0	1.02118873716,61,52,62,87
-19.0	0.557471781916,41,63,53,79,99,72,18,39
-18.0	0.626787891628,52,67,80,45
-17.0	1.22228537227,79,95,97,47,70
-16.0	0.332122552307,44,62,98,36,39
-15.0	0.917153918955,33,35,76,25,32
-14.0	1.0059095758,28,24,55,67,85,98,50
-13.0	0.654748489699,28,40,51,6,67,89,49
-12.0	0.901185844368,6,78,80,38,67,4
-11.0	1.68445973108,41,33,39,80,69,51,43
-10.0	0.34652627056,41,59,87,13
-9.0	1.00848276366,21,57,93,38,12
-8.0	0.69309949076,80,58,22,15
-7.0	0.48455679378,61,2,98,81,50,9,24
-6.0	0.748921915648,46,86,42,24
-5.0	0.751541653692,45,42,86,30
-4.0	1.0265078666,31,63
-3.0	1.2386136745,37,72
-1.0	10.0
