$10	
NodeId:99	1.18868570762,1.19268000474,83,1
NodeId:98	1.13471685864,1.13846530134,28,92,15,66,5,49,13,94
NodeId:97	1.08216825996,1.08615829011,50,37,89,62
NodeId:96	0.818514835463,0.82100301282,24,74,31,12,13,60
NodeId:95	1.40421074373,1.4092776137,88,76
NodeId:94	1.06514075439,1.06890965457,17,4,20,90
NodeId:93	0.966164116825,0.969300429688,15,43,75,66
NodeId:92	1.62766552374,1.63345075711,39,22,57,34
NodeId:91	0.752539846344,0.7547361079,81,24,12,95,66
NodeId:90	0.922260261183,0.925359700815,1,93,52,26,96
NodeId:89	0.559171248594,0.560756103573,16,38,32,58,57,40,35
NodeId:88	1.28385218119,1.28838813638,82,26,44,50,21,55
NodeId:87	0.483234567436,0.484459228538,63,8,30,20,47,27,19,54
NodeId:86	1.34499807313,1.34983110349,11,60,95,71
NodeId:85	0.700420023217,0.702720457635,69,32,64,90,99,57,54
NodeId:84	1.07181946625,1.07531610765,9,21
NodeId:83	1.28381355034,1.2881782994,27,70,29,18,4,10,1
NodeId:82	0.684899246786,0.68721104448,2,23,52,24,53,32
NodeId:81	0.591638848941,0.593300933644,96,26,21,78,5,93
NodeId:80	1.19450957875,1.19840807712,79,31
NodeId:79	0.96897055493,0.97230475436,43,0,74,90,26
NodeId:78	1.6525480351,1.6582475018,34,19,13,82
NodeId:77	0.636631576872,0.638455346779,0,44,86,85,40,37,5,79,41,69,87,32,83
NodeId:76	0.905351289255,0.908563763952,9
NodeId:75	0.438829590644,0.440024769734,65,29,54,85,51,37,91,34
NodeId:74	0.431600568391,0.432723852816,54,84,35
NodeId:73	0.542594755972,0.54399193277,51,41,92,84,50
NodeId:72	1.95127640943,1.95850166482,51,92,93,95,49,10
NodeId:71	1.52418390981,1.52986719889,45,16,15,84,97
NodeId:70	1.21834178076,1.22269989707,20,99,63
NodeId:69	0.890549102853,0.893082715224,46,72,12,55,88,42,22
NodeId:68	0.897096012717,0.900180179696,81,28,40,85,19,1,6
NodeId:67	0.701242162653,0.703407089346,2,45,32,31,30,26
NodeId:66	1.02062855981,1.02389984137,98,72,83,19,81,8
NodeId:65	1.00001637499,1.0034433814,27,88
NodeId:64	1.01929154612,1.02270787488,33,3,28,78,27,39,31
NodeId:63	1.74591657896,1.75200773177,64,3,65,72
NodeId:62	1.02203482371,1.02545590686,22,91,33,11
NodeId:61	0.708999084,0.71120409547,6,20,18,99,9
NodeId:60	0.553147869641,0.554845998135,56,53,65,14,49
NodeId:59	0.507390475445,0.508794746212,24,92,69,10
NodeId:58	0.87142087938,0.874227383755,73,78,38,16,71
NodeId:57	0.822585189403,0.825233486528,94,96,86,98
NodeId:56	0.54607457555,0.54768426695,36,98,80,29,96
NodeId:55	0.688769550125,0.690925181257,25,22,62,10,19,58,51
NodeId:54	0.686267209347,0.68822393754,77,12,69
NodeId:53	0.60828056608,0.610141734745,13,2,65,78,95
NodeId:52	0.843790302758,0.846487727784,31,27,91,64
NodeId:51	0.935645870127,0.938655605628,61,71,45,38
NodeId:50	0.837291846973,0.839969943476,46,0,68,20
NodeId:49	1.15635950236,1.16048922407,84,2,31,29,39
NodeId:47	0.515040691818,0.516463133085,70,73,5,14,52
NodeId:46	0.826705066964,0.829543454882,78
NodeId:45	1.4575722479,1.46267807925,86,18,90,53,58,83
NodeId:44	0.634592295971,0.636453459951,37,38,17
NodeId:43	0.920993495868,0.92416322295,56,68,67,90,24,21,80,86,4
NodeId:42	0.578350520269,0.580025566845,99,70,36,45,89
NodeId:41	0.955841571252,0.958850469132,66,44,45,49
NodeId:40	0.732511772643,0.734952320512,72,73,7,71
NodeId:39	1.13984017604,1.143655661,68,71,92,43,31
NodeId:38	1.17192574514,1.17579970379,41,98,30
NodeId:37	1.33001773536,1.33463032445,40,71,59,97
NodeId:36	0.777408338899,0.779795287864,61,75,77,99,30,20,12,34
NodeId:35	0.49710520764,0.498307178734,83,91,18,12,62,64,65,66
NodeId:34	0.979091761139,0.982501389332,78,7,0,77
NodeId:33	1.00596656072,1.00926434682,2,58,56,86
NodeId:32	0.985478705399,0.988744041952,47,2,3,6,27,91,71,69
NodeId:31	2.1577731107,2.16569742697,54,70,36,85,62,46,49,29
NodeId:30	0.877364047342,0.880147602849,80,95,84
NodeId:29	0.873669127515,0.876603260005,31,23,18,86,36
NodeId:28	0.885558824551,0.888413652987,72,25,21
NodeId:27	1.34563657051,1.35011225972,32,68,70,92
NodeId:26	0.83882491329,0.841580150292,64,15,23,28
NodeId:25	0.821992610711,0.824614389201,63
NodeId:24	1.02851303538,1.03182346989,55,10,18,9,93,38,94
NodeId:23	0.575213234106,0.57687603851,99,92
NodeId:22	1.05511108958,1.05864145809,72,65,25,97,83
NodeId:21	1.38463599751,1.0
NodeId:20	1.15730029069,1.16123258899,94,7
NodeId:19	0.892109515665,0.895053158195,92,45,27,37,33
NodeId:18	1.02118873716,1.02450766422,62,87,61,52
NodeId:17	0.557471781916,0.558956428569,53,79,63,99,72,18,39,41
NodeId:16	0.626787891626,0.628788914732,45,52,67,80
NodeId:15	1.22228537227,1.22654614311,70,79,95,97,47
NodeId:14	0.332122552307,0.332763301987,98,36,39,44,62
NodeId:13	0.917153918956,0.92004884372,33,35,76,25,32
NodeId:12	1.0059095758,1.00890002936,55,67,85,98,50,28,24
NodeId:11	0.654748489699,0.656832775388,89,49,28,67,40,51,6
NodeId:10	0.901185844367,0.904057985238,80,38,67,4,6,78
NodeId:9	1.68445973108,1.69073786781,80,69,51,43,41,33,39
NodeId:8	0.34652627056,0.34720720706,13,87,41,59
NodeId:7	1.00848276366,1.01208676268,38,12,21,57,93
NodeId:6	0.693099490761,0.695292270524,80,58,22,15
NodeId:5	0.48455679378,0.485665269118,98,81,24,2,50,61,9
NodeId:4	0.748921915648,0.751342795684,46,86,24,42
NodeId:3	0.751541653694,0.754091378396,86,42,45,30
NodeId:2	1.0265078666,1.02988187545,63,31
NodeId:1	1.2386136745,1.24287951159,72,37
NodeId:0	0.744312123752,0.746749550384,1,15,66,96
