0.0	0.746113873626
1.0	1.37236771978
2.0	1.0298592122
3.0	0.800881745486
4.0	0.71228207036
5.0	0.535107665599
6.0	0.729573057846
7.0	1.01303411172
8.0	0.383790865385
9.0	1.71266665795
10.0	0.921589149443
11.0	0.691965163311
12.0	1.17436326013
13.0	1.06639950397
14.0	0.326233333333
15.0	1.27053351648
16.0	0.659030017007
17.0	0.575264976343
18.0	1.14657256072
19.0	0.981292920373
20.0	1.20518305289
21.0	1.44825694445
22.0	1.13352416928
23.0	0.555928968254
24.0	1.10462344649
25.0	0.844039455783
26.0	0.863919220594
27.0	1.4371791356
28.0	0.936719210602
29.0	0.849493404686
30.0	0.950406234103
31.0	2.39057165061
32.0	1.04032995232
33.0	1.0395647534
34.0	1.08875669643
35.0	0.549649858277
36.0	0.824362847223
37.0	1.29913348024
38.0	1.27965790435
39.0	1.19329332483
40.0	0.771126556232
41.0	1.08321298731
42.0	0.557175140087
43.0	0.955706371011
44.0	0.676984237639
45.0	1.46759494175
46.0	0.852651330563
47.0	0.554436343865
49.0	1.17100509387
50.0	0.842256779828
51.0	0.950083641583
52.0	0.860301488094
53.0	0.609737847222
54.0	0.706119899322
55.0	0.75510551849
56.0	0.51441220238
57.0	0.875052974556
58.0	0.936863768424
59.0	0.53470673077
60.0	0.612387286326
61.0	0.791587997939
62.0	1.06850269983
63.0	1.87466809753
64.0	1.13560941588
65.0	1.0664859375
66.0	1.12252804487
67.0	0.702251842404
68.0	0.930588392858
69.0	0.992905778498
70.0	1.24784447115
71.0	1.61949672238
72.0	2.04538087879
73.0	0.571980242675
74.0	0.48442232906
75.0	0.439613467262
76.0	0.870233333333
77.0	0.664315352182
78.0	1.62947872732
79.0	1.0737530029
80.0	1.26614649235
81.0	0.646520909646
82.0	0.724787202381
83.0	1.50228876679
84.0	1.10080257937
85.0	0.728589096296
86.0	1.29511728861
87.0	0.550849530677
88.0	1.29131626112
89.0	0.523620535715
90.0	0.943702131846
91.0	0.850057606457
92.0	1.73490848214
93.0	0.995154180841
94.0	1.15354510346
95.0	1.4937681395
96.0	0.844664964896
97.0	1.08813515339
98.0	1.28721828776
99.0	1.28152987719
-2.0	0.810384615384,1,15,66,96
-101.0	1.53226190476,83,1
-100.0	1.37035714286,28,94,92,15,66,5,49,13
-99.0	0.8725,89,37,62,50
-98.0	1.05666666667,31,12,74,13,60,24
-97.0	1.2975,76,88
-96.0	1.01517857143,20,90,17,4
-95.0	0.894761904764,43,75,66,15
-94.0	1.75791666667,22,39,57,34
-93.0	0.89375,24,12,95,81,66
-92.0	0.89003968254,93,1,96,26,52
-91.0	0.823928571431,35,58,40,32,57,38,16
-90.0	1.12142857143,82,44,26,21,55,50
-89.0	0.640384615385,8,19,27,20,30,54,47,63
-88.0	1.4714957265,11,71,60,95
-87.0	0.670741758242,64,54,57,90,69,32,99
-86.0	1.22666666667,21,9
-85.0	1.19996794872,27,29,1,10,4,70,18
-84.0	0.504166666667,2,24,53,23,32,52
-83.0	0.704523809526,96,5,21,78,26,93
-82.0	1.38587301587,79,31
-81.0	1.08663461538,0,90,43,26,74
-80.0	1.95726190476,34,13,19,82
-79.0	0.752083333332,37,79,86,87,41,0,83,85,32,44,5,69,40
-78.0	0.745,9
-77.0	0.46875,29,54,91,85,51,34,37,65
-76.0	0.461666666667,84,35,54
-75.0	0.7025,92,84,41,50,51
-74.0	1.82267857143,10,51,92,95,93,49
-73.0	1.44625,97,15,16,45,84
-72.0	1.10017857143,99,20,63
-71.0	1.06032509157,42,46,72,22,55,12,88
-70.0	0.839444444447,6,28,40,85,81,19,1
-69.0	0.84146825397,26,2,32,45,31,30
-68.0	1.17,19,8,83,81,72,98
-67.0	1.085,88,27
-66.0	1.01517857143,39,3,31,78,33,28,27
-65.0	1.92083333333,65,3,72,64
-64.0	1.07892857143,33,11,91,22
-63.0	0.97267857143,20,18,6,99,9
-62.0	0.504166666665,53,14,56,65,49
-61.0	0.575,69,92,10,24
-60.0	0.959523809525,16,78,73,38,71
-59.0	0.775357142856,94,96,98,86
-58.0	0.626944444445,98,29,96,80,36
-57.0	0.655952380952,62,58,51,25,22,19,10
-56.0	0.87351190476,77,69,12
-55.0	0.709583333335,2,13,65,78,95
-54.0	1.05666666667,64,91,31,27
-53.0	0.932202380952,38,61,71,45
-52.0	0.917023809524,0,68,20,46
-51.0	1.0080952381,2,29,39,31,84
-49.0	0.5325,5,73,52,14,70
-48.0	0.802678571428,78
-47.0	1.65166666667,86,90,18,83,58,53
-46.0	0.739551282051,17,38,37
-45.0	0.823928571428,86,21,80,56,68,67,90,24,4
-44.0	0.69642857143,99,45,36,70,89
-43.0	1.10889652015,44,66,49,45
-42.0	0.792170329672,73,7,72,71
-41.0	1.22160714286,71,92,43,31,68
-40.0	1.37035714286,98,30,41
-39.0	1.41246794872,97,40,59,71
-38.0	0.93625,99,77,75,61,34,12,20,30
-37.0	0.724761904762,91,18,12,62,64,65,66,83
-36.0	0.7875,78,77,7,0
-35.0	0.945357142856,58,86,2,56
-34.0	1.12407509158,27,91,71,69,47,2,3,6
-33.0	2.12726190476,62,70,85,29,36,46,49,54
-32.0	0.999999999999,84,95,80
-31.0	0.82392857143,36,86,18,23,31
-30.0	0.954464285715,25,72,21
-29.0	1.41285714286,70,92,32,68
-28.0	0.915,15,23,28,64
-27.0	0.894761904761,63
-26.0	1.36563492064,9,18,38,55,93,94,10
-25.0	0.674166666666,92,99
-24.0	1.03035714286,65,72,83,97,25
-22.0	1.24083333333,7,94
-21.0	0.853273809525,92,27,33,37,45
-20.0	1.25702380952,87,61,62,52
-19.0	0.645833333333,53,79,63,99,72,18,39,41
-18.0	0.611428571428,45,52,67,80
-17.0	1.27625,95,97,47,70,79
-16.0	0.49,36,39,44,62,98
-15.0	0.992916666665,33,35,76,25,32
-14.0	1.24892857143,85,98,50,28,24,55,67
-13.0	0.575,28,49,51,67,40,89,6
-12.0	0.868452380952,6,78,80,38,67,4
-11.0	1.83785714286,43,41,33,39,80,69,51
-10.0	0.397916666667,13,87,41,59
-9.0	1.0,12,21,38,57,93
-8.0	0.810773809524,15,22,58,80
-7.0	0.633301282052,81,98,2,9,61,50,24
-6.0	0.72003968254,46,86,24,42
-5.0	0.590178571428,45,86,42,30
-4.0	1.21351190476,63,31
-3.0	1.20035714286,37,72
-1.0	1.0
