$9	
NodeId:99	1.19268000474,1.19722687893,1,83
NodeId:98	1.13846530134,1.14264859458,28,94,92,15,66,5,49,13
NodeId:97	1.08615829011,1.09047817898,89,62,37,50
NodeId:96	0.821003012819,0.824066859978,74,13,31,60,12,24
NodeId:95	1.4092776137,1.41535608787,76,88
NodeId:94	1.06890965457,1.0730440701,20,4,17,90
NodeId:93	0.969300429689,0.973509913292,66,43,15,75
NodeId:92	1.63345075711,1.64039478616,39,22,57,34
NodeId:91	0.754736107901,0.757407385405,95,66,81,12,24
NodeId:90	0.925359700817,0.92912812298,96,26,52,93,1
NodeId:89	0.560756103573,0.562828858331,35,57,40,16,32,58,38
NodeId:88	1.28838813638,1.29430482968,26,55,82,21,50,44
NodeId:87	0.484459228538,0.485775715914,27,47,20,30,19,54,63,8
NodeId:86	1.34983110349,1.35577973162,11,60,71,95
NodeId:85	0.702720457632,0.705079269454,90,64,57,99,69,54,32
NodeId:84	1.07531610765,1.07960309687,21,9
NodeId:83	1.2881782994,1.29340798147,70,1,4,10,29,27,18
NodeId:82	0.687211044482,0.69009672066,24,53,2,23,52,32
NodeId:81	0.593300933644,0.595000807095,26,96,5,21,78,93
NodeId:80	1.19840807712,1.20336020832,79,31
NodeId:79	0.972304754361,0.976359103835,74,90,26,43,0
NodeId:78	1.6582475018,1.66518208758,34,82,13,19
NodeId:77	0.638455346778,0.640719980566,83,32,87,41,69,0,44,86,85,37,5,40,79
NodeId:76	0.908563763952,0.912566843212,9
NodeId:75	0.440024769734,0.441528381214,65,29,34,91,37,51,85,54
NodeId:74	0.432723852816,0.433857345531,84,54,35
NodeId:73	0.543991932772,0.5456606711,84,51,41,50,92
NodeId:72	1.95850166482,1.96681261416,10,92,49,93,95,51
NodeId:71	1.52986719889,1.53672339797,16,45,97,84,15
NodeId:70	1.22269989707,1.22798626667,99,63,20
NodeId:69	0.893082715227,0.896519406202,12,22,42,46,72,55,88
NodeId:68	0.900180179696,0.904181567639,1,19,85,81,40,28,6
NodeId:67	0.703407089343,0.705851928396,45,2,31,32,26,30
NodeId:66	1.02389984137,1.02771908643,98,19,72,8,81,83
NodeId:65	1.0034433814,1.00705583126,27,88
NodeId:64	1.02270787488,1.02657465326,28,78,3,31,39,27,33
NodeId:63	1.75200773177,1.75982762252,72,65,3,64
NodeId:62	1.02545590686,1.02931568197,33,22,11,91
NodeId:61	0.711204095471,0.713731242005,20,6,18,99,9
NodeId:60	0.554845998133,0.556996803215,49,14,53,56,65
NodeId:59	0.508794746211,0.51027046754,24,92,69,10
NodeId:58	0.874227383755,0.877661369705,73,78,16,71,38
NodeId:57	0.825233486529,0.828669457504,98,86,94,96
NodeId:56	0.54768426695,0.54947672694,36,96,98,80,29
NodeId:55	0.690925181257,0.693422317869,19,62,58,25,51,22,10
NodeId:54	0.688223937541,0.690372522843,69,77,12
NodeId:53	0.610141734747,0.612294961765,78,13,65,95,2
NodeId:52	0.846487727784,0.849578847832,31,27,64,91
NodeId:51	0.93865560563,0.942530855208,45,38,61,71
NodeId:50	0.839969943474,0.843197118836,20,46,0,68
NodeId:49	1.16048922407,1.16510753864,84,2,29,39,31
NodeId:47	0.516463133084,0.518081443765,73,5,70,14,52
NodeId:46	0.829543454882,0.832594646848,78
NodeId:45	1.46267807925,1.46881473917,90,86,53,58,83,18
NodeId:44	0.63645345995,0.638592577668,37,38,17
NodeId:43	0.924163222947,0.928142807148,21,24,90,67,68,86,80,4,56
NodeId:42	0.580025566846,0.58202257509,45,99,89,70,36
NodeId:41	0.95885046913,0.962452017312,66,44,45,49
NodeId:40	0.734952320511,0.737485432856,7,73,71,72
NodeId:39	1.143655661,1.14852434657,71,68,31,43,92
NodeId:38	1.17579970379,1.18082812734,30,41,98
NodeId:37	1.33463032445,1.3404068609,40,59,97,71
NodeId:36	0.779795287864,0.78262506503,75,61,34,12,20,30,99,77
NodeId:35	0.498307178734,0.499634021769,65,66,83,91,18,12,62,64
NodeId:34	0.982501389333,0.986804166964,78,7,0,77
NodeId:33	1.00926434682,1.01335001702,86,2,56,58
NodeId:32	0.988744041956,0.99268249412,3,6,27,91,71,69,47,2
NodeId:31	2.16569742697,2.17557516129,49,46,29,62,85,36,70,54
NodeId:30	0.880147602848,0.883469246247,84,80,95
NodeId:29	0.876603260003,0.880036586645,36,86,18,23,31
NodeId:28	0.888413652988,0.891789793725,21,72,25
NodeId:27	1.35011225972,1.35573515878,68,70,92,32
NodeId:26	0.841580150291,0.84473466676,64,15,23,28
NodeId:25	0.824614389201,0.827578737934,63
NodeId:24	1.03182346989,1.03547095615,93,38,94,55,10,9,18
NodeId:23	0.57687603851,0.579047632836,99,92
NodeId:22	1.05864145809,1.0629523897,72,83,97,25,65
NodeId:21	1.38950397653,1.0
NodeId:20	1.16123258899,1.16629464168,7,94
NodeId:19	0.895053158197,0.898703908125,33,37,27,92,45
NodeId:18	1.02450766422,1.02874216833,61,52,62,87
NodeId:17	0.558956428569,0.561002240547,63,99,79,72,18,39,41,53
NodeId:16	0.628788914731,0.631015005056,80,45,52,67
NodeId:15	1.22654614311,1.23162910746,47,70,79,95,97
NodeId:14	0.332763301987,0.333407799423,39,44,62,98,36
NodeId:13	0.920048843719,0.92374956828,33,35,76,25,32
NodeId:12	1.00890002936,1.01266529965,85,98,50,28,24,55,67
NodeId:11	0.656832775388,0.659528905204,51,6,89,40,49,28,67
NodeId:10	0.904057985239,0.907809286134,67,4,6,78,80,38
NodeId:9	1.69073786781,1.6969826572,43,41,33,39,80,69,51
NodeId:8	0.34720720706,0.348039003624,59,41,13,87
NodeId:7	1.01208676268,1.01581954006,12,21,57,93,38
NodeId:6	0.695292270522,0.697711206624,58,22,80,15
NodeId:5	0.485665269118,0.487156063146,98,9,61,50,2,24,81
NodeId:4	0.751342795682,0.754570049364,46,86,42,24
NodeId:3	0.754091378396,0.756782873428,45,42,86,30
NodeId:2	1.02988187545,1.03392048101,31,63
NodeId:1	1.24287951159,1.24796203144,37,72
NodeId:0	0.746749550383,0.749440694624,96,66,15,1
