0.0	0.749440694624
1.0	1.24796203144
2.0	1.03392048101
3.0	0.756782873428
4.0	0.754570049363
5.0	0.487156063146
6.0	0.697711206626
7.0	1.01581954006
8.0	0.348039003624
9.0	1.6969826572
10.0	0.907809286134
11.0	0.659528905204
12.0	1.01266529965
13.0	0.923749568278
14.0	0.333407799423
15.0	1.23162910746
16.0	0.631015005055
17.0	0.561002240547
18.0	1.02874216833
19.0	0.898703908124
20.0	1.16629464168
21.0	1.39549052441
22.0	1.0629523897
23.0	0.579047632835
24.0	1.03547095615
25.0	0.827578737934
26.0	0.844734666761
27.0	1.35573515878
28.0	0.891789793726
29.0	0.880036586643
30.0	0.883469246248
31.0	2.17557516129
32.0	0.992682494117
33.0	1.01335001702
34.0	0.986804166964
35.0	0.499634021769
36.0	0.78262506503
37.0	1.3404068609
38.0	1.18082812734
39.0	1.14852434657
40.0	0.737485432856
41.0	0.962452017311
42.0	0.582022575092
43.0	0.928142807148
44.0	0.638592577668
45.0	1.46881473917
46.0	0.832594646848
47.0	0.518081443767
49.0	1.16510753864
50.0	0.843197118837
51.0	0.942530855207
52.0	0.84957884783
53.0	0.612294961767
54.0	0.690372522844
55.0	0.693422317869
56.0	0.549476726941
57.0	0.828669457504
58.0	0.877661369705
59.0	0.510270467539
60.0	0.556996803217
61.0	0.713731242003
62.0	1.02931568197
63.0	1.75982762252
64.0	1.02657465326
65.0	1.00705583126
66.0	1.02771908643
67.0	0.705851928393
68.0	0.904181567641
69.0	0.896519406202
70.0	1.22798626667
71.0	1.53672339797
72.0	1.96681261416
73.0	0.5456606711
74.0	0.433857345531
75.0	0.441528381214
76.0	0.912566843212
77.0	0.640719980566
78.0	1.66518208758
79.0	0.976359103835
80.0	1.20336020832
81.0	0.595000807095
82.0	0.690096720661
83.0	1.29340798147
84.0	1.07960309687
85.0	0.705079269457
86.0	1.35577973162
87.0	0.485775715914
88.0	1.29430482968
89.0	0.562828858331
90.0	0.929128122982
91.0	0.757407385403
92.0	1.64039478616
93.0	0.97350991329
94.0	1.0730440701
95.0	1.41535608787
96.0	0.82406685998
97.0	1.09047817898
98.0	1.14264859458
99.0	1.19722687893
-2.0	0.752601956816,1,15,66,96
-101.0	1.20242768229,83,1
-100.0	1.14854011639,28,13,94,92,15,66,5,49
-99.0	1.09617626573,50,37,89,62
-98.0	0.827856466116,31,12,60,74,13,24
-97.0	1.42333067774,88,76
-96.0	1.07891841747,90,20,17,4
-95.0	0.978694637072,75,66,15,43
-94.0	1.6487982734,39,22,57,34
-93.0	0.75965536218,81,12,95,66,24
-92.0	0.933951401635,1,93,52,26,96
-91.0	0.565282861526,35,57,40,16,32,38,58
-90.0	1.30094862206,82,21,50,44,26,55
-89.0	0.487480967589,63,54,30,47,8,27,20,19
-88.0	1.36337476322,11,60,71,95
-87.0	0.708150965669,32,64,57,99,69,90,54
-86.0	1.0848150247,21,9
-85.0	1.30079258773,4,10,27,1,70,18,29
-84.0	0.69354138834,2,32,52,23,53,24
-83.0	0.5975933598,93,21,26,5,78,96
-82.0	1.20973984288,79,31
-81.0	0.97986870293,0,43,26,90,74
-80.0	1.67433254527,13,19,82,34
-79.0	0.643399182015,69,32,83,40,5,79,86,87,41,0,44,85,37
-78.0	0.915864818047,9
-77.0	0.443135032107,85,54,37,34,91,29,65,51
-76.0	0.435321975066,84,54,35
-75.0	0.547844932585,41,50,92,84,51
-74.0	1.97725531748,93,49,92,51,10,95
-73.0	1.54380590347,45,97,84,15,16
-72.0	1.23458082842,20,99,63
-71.0	0.900405390437,72,46,12,88,22,55,42
-70.0	0.908165396432,40,6,1,19,85,81,28
-69.0	0.708883305096,31,32,26,30,45,2
-68.0	1.03231165283,19,72,8,81,83,98
-67.0	1.01189259146,88,27
-66.0	1.03098358765,27,33,3,28,78,31,39
-65.0	1.76766877231,64,3,65,72
-64.0	1.03440832009,11,22,91,33
-63.0	0.716551685845,6,20,18,99,9
-62.0	0.558891711785,65,49,56,14,53
-61.0	0.512251043828,24,92,69,10
-60.0	0.881920653745,73,78,71,38,16
-59.0	0.832767826672,96,94,98,86
-58.0	0.551441078855,36,29,96,98,80
-57.0	0.696640098174,51,58,22,19,10,62,25
-56.0	0.693288596481,12,69,77
-55.0	0.61454399259,95,78,65,2,13
-54.0	0.853162151248,31,27,91,64
-53.0	0.947291838016,61,71,45,38
-52.0	0.847351371028,68,20,46,0
-51.0	1.17112667019,84,2,39,31,29
-49.0	0.519977696585,5,70,73,14,52
-48.0	0.836400171444,78
-47.0	1.47673840509,53,90,58,83,18,86
-46.0	0.641407330005,37,38,17
-45.0	0.93267436518,86,68,67,90,24,4,80,56,21
-44.0	0.58525994923,70,45,36,99,89
-43.0	0.966548674396,66,44,45,49
-42.0	0.74041388962,71,73,72,7
-41.0	1.15516935386,68,71,92,43,31
-40.0	1.18602284696,98,30,41
-39.0	1.3463581048,40,97,71,59
-38.0	0.786407254926,61,75,77,99,30,20,12,34
-37.0	0.501206286907,62,64,65,66,83,91,18,12
-36.0	0.991682074012,78,7,0,77
-35.0	1.01825517021,58,86,56,2
-34.0	0.997293130336,27,91,71,69,47,2,3,6
-33.0	2.18506904933,70,36,54,49,46,29,62,85
-32.0	0.887963627784,95,80,84
-31.0	0.884651660305,31,23,18,86,36
-30.0	0.89551601853,25,72,21
-29.0	1.36308093588,70,92,32,68
-28.0	0.848965430124,64,15,23,28
-27.0	0.831795061389,63
-26.0	1.0401124734,9,18,93,10,38,55,94
-25.0	0.580584475148,92,99
-24.0	1.06826989563,65,25,97,83,72
-22.0	1.17117446539,94,7
-21.0	0.902837367625,33,37,27,92,45
-20.0	1.03311970631,62,87,61,52
-19.0	0.563078274767,79,72,99,18,39,41,53,63
-18.0	0.633511844052,67,80,45,52
-17.0	1.23720115213,97,47,70,79,95
-16.0	0.334303067719,62,98,36,39,44
-15.0	0.92736061866,33,35,76,25,32
-14.0	1.01695136151,50,28,24,55,67,85,98
-13.0	0.662094674655,28,67,51,49,6,89,40
-12.0	0.912427678098,6,78,80,38,67,4
-11.0	1.70646598801,39,80,69,51,43,41,33
-10.0	0.349032330676,87,13,59,41
-9.0	1.02157984683,57,38,12,93,21
-8.0	0.700442524224,58,22,15,80
-7.0	0.488666030571,50,9,98,81,61,24,2
-6.0	0.75780684116,46,86,24,42
-5.0	0.760723205072,86,42,45,30
-4.0	1.03854588106,63,31
-3.0	1.2543611056,37,72
-1.0	7.0
